93.5722087      0.0000606       
93.5732087      0.0000004       
93.5742087      0.0000431       
93.5752087      0.0001907       
93.5762087      0.0004431       
93.5772087      0.0007979       
93.5782087      0.0012507       
93.5792087      0.0017948       
93.5802087      0.0024218       
93.5812087      0.0031212       
93.5822087      0.0038809       
93.5832087      0.0046874       
93.5842087      0.0055258       
93.5852087      0.0063805       
93.5862087      0.0072352       
93.5872087      0.0080732       
93.5882087      0.0088780       
93.5892087      0.0096334       
93.5902087      0.0103238       
93.5912087      0.0109349       
93.5922087      0.0114537       
93.5932087      0.0118686       
93.5942087      0.0121704       
93.5952087      0.0123517       
93.5962087      0.0124076       
93.5972087      0.0123357       
93.5982087      0.0121362       
93.5992087      0.0118120       
93.6002087      0.0113685       
93.6012087      0.0108139       
93.6022087      0.0101588       
93.6032087      0.0094161       
93.6042087      0.0086007       
93.6052087      0.0077296       
93.6062087      0.0068210       
93.6072087      0.0058946       
93.6082087      0.0049707       
93.6092087      0.0040701       
93.6102087      0.0032136       
93.6112087      0.0024215       
93.6122087      0.0017133       
93.6132087      0.0011072       
93.6142087      0.0006197       
93.6152087      0.0002654       
93.6162087      0.0000564       
93.6172087      0.0000020       
93.6182087      0.0001088       
93.6192087      0.0003801       
93.6202087      0.0008160       
93.6212087      0.0014133       
93.6222087      0.0021652       
93.6232087      0.0030619       
93.6242087      0.0040903       
93.6252087      0.0052343       
93.6262087      0.0064752       
93.6272087      0.0077917       
93.6282087      0.0091607       
93.6292087      0.0105575       
93.6302087      0.0119560       
93.6312087      0.0133297       
93.6322087      0.0146522       
93.6332087      0.0158970       
93.6342087      0.0170392       
93.6352087      0.0180549       
93.6362087      0.0189227       
93.6372087      0.0196232       
93.6382087      0.0201406       
93.6392087      0.0204620       
93.6402087      0.0205785       
93.6412087      0.0204851       
93.6422087      0.0201810       
93.6432087      0.0196697       
93.6442087      0.0189593       
93.6452087      0.0180621       
93.6462087      0.0169944       
93.6472087      0.0157768       
93.6482087      0.0144334       
93.6492087      0.0129915       
93.6502087      0.0114814       
93.6512087      0.0099356       
93.6522087      0.0083883       
93.6532087      0.0068748       
93.6542087      0.0054305       
93.6552087      0.0040910       
93.6562087      0.0028902       
93.6572087      0.0018609       
93.6582087      0.0010329       
93.6592087      0.0004332       
93.6602087      0.0000849       
93.6612087      0.0000068       
93.6622087      0.0002129       
93.6632087      0.0007119       
93.6642087      0.0015071       
93.6652087      0.0025959       
93.6662087      0.0039697       
93.6672087      0.0056142       
93.6682087      0.0075093       
93.6692087      0.0096291       
93.6702087      0.0119427       
93.6712087      0.0144145       
93.6722087      0.0170046       
93.6732087      0.0196697       
93.6742087      0.0223635       
93.6752087      0.0250380       
93.6762087      0.0276442       
93.6772087      0.0301328       
93.6782087      0.0324555       
93.6792087      0.0345660       
93.6802087      0.0364206       
93.6812087      0.0379795       
93.6822087      0.0392078       
93.6832087      0.0400758       
93.6842087      0.0405605       
93.6852087      0.0406458       
93.6862087      0.0403229       
93.6872087      0.0395915       
93.6882087      0.0384591       
93.6892087      0.0369419       
93.6902087      0.0350645       
93.6912087      0.0328598       
93.6922087      0.0303684       
93.6932087      0.0276385       
93.6942087      0.0247250       
93.6952087      0.0216888       
93.6962087      0.0185957       
93.6972087      0.0155155       
93.6982087      0.0125209       
93.6992087      0.0096858       
93.7002087      0.0070844       
93.7012087      0.0047896       
93.7022087      0.0028717       
93.7032087      0.0013968       
93.7042087      0.0004255       
93.7052087      0.0000117       
93.7062087      0.0002010       
93.7072087      0.0010299       
93.7082087      0.0025245       
93.7092087      0.0046999       
93.7102087      0.0075592       
93.7112087      0.0110932       
93.7122087      0.0152799       
93.7132087      0.0200847       
93.7142087      0.0254602       
93.7152087      0.0313468       
93.7162087      0.0376734       
93.7172087      0.0443579       
93.7182087      0.0513086       
93.7192087      0.0584253       
93.7202087      0.0656008       
93.7212087      0.0727227       
93.7222087      0.0796752       
93.7232087      0.0863407       
93.7242087      0.0926026       
93.7252087      0.0983465       
93.7262087      0.1034634       
93.7272087      0.1078509       
93.7282087      0.1114161       
93.7292087      0.1140773       
93.7302087      0.1157661       
93.7312087      0.1164290       
93.7322087      0.1160297       
93.7332087      0.1145496       
93.7342087      0.1119899       
93.7352087      0.1083721       
93.7362087      0.1037385       
93.7372087      0.0981531       
93.7382087      0.0917009       
93.7392087      0.0844882       
93.7402087      0.0766417       
93.7412087      0.0683074       
93.7422087      0.0596494       
93.7432087      0.0508481       
93.7442087      0.0420982       
93.7452087      0.0336069       
93.7462087      0.0255905       
93.7472087      0.0182725       
93.7482087      0.0118801       
93.7492087      0.0066412       
93.7502087      0.0027813       
93.7512087      0.0005200       
93.7522087      0.0000678       
93.7532087      0.0016227       
93.7542087      0.0053671       
93.7552087      0.0114645       
93.7562087      0.0200568       
93.7572087      0.0312612       
93.7582087      0.0451680       
93.7592087      0.0618387       
93.7602087      0.0813036       
93.7612087      0.1035606       
93.7622087      0.1285744       
93.7632087      0.1562754       
93.7642087      0.1865602       
93.7652087      0.2192910       
93.7662087      0.2542971       
93.7672087      0.2913756       
93.7682087      0.3302932       
93.7692087      0.3707885       
93.7702087      0.4125738       
93.7712087      0.4553388       
93.7722087      0.4987531       
93.7732087      0.5424701       
93.7742087      0.5861306       
93.7752087      0.6293669       
93.7762087      0.6718068       
93.7772087      0.7130780       
93.7782087      0.7528125       
93.7792087      0.7906505       
93.7802087      0.8262454       
93.7812087      0.8592670       
93.7822087      0.8894063       
93.7832087      0.9163788       
93.7842087      0.9399281       
93.7852087      0.9598289       
93.7862087      0.9758898       
93.7872087      0.9879560       
93.7882087      0.9959104       
93.7892087      0.9996760       
93.7902087      0.9992162       
93.7912087      0.9945355       
93.7922087      0.9856792       
93.7932087      0.9727334       
93.7942087      0.9558232       
93.7952087      0.9351118       
93.7962087      0.9107980       
93.7972087      0.8831142       
93.7982087      0.8523232       
93.7992087      0.8187151       
93.8002087      0.7826040       
93.8012087      0.7443236       
93.8022087      0.7042241       
93.8032087      0.6626673       
93.8042087      0.6200226       
93.8052087      0.5766625       
93.8062087      0.5329587       
93.8072087      0.4892773       
93.8082087      0.4459752       
93.8092087      0.4033957       
93.8102087      0.3618651       
93.8112087      0.3216892       
93.8122087      0.2831501       
93.8132087      0.2465033       
93.8142087      0.2119757       
93.8152087      0.1797632       
93.8162087      0.1500296       
93.8172087      0.1229051       
93.8182087      0.0984858       
93.8192087      0.0768340       
93.8202087      0.0579775       
93.8212087      0.0419113       
93.8222087      0.0285982       
93.8232087      0.0179704       
93.8242087      0.0099313       
93.8252087      0.0043583       
93.8262087      0.0011044       
93.8272087      0.0000019       
93.8282087      0.0008648       
93.8292087      0.0034919       
93.8302087      0.0076705       
93.8312087      0.0131795       
93.8322087      0.0197925       
93.8332087      0.0272816       
93.8342087      0.0354200       
93.8352087      0.0439857       
93.8362087      0.0527639       
93.8372087      0.0615502       
93.8382087      0.0701527       
93.8392087      0.0783943       
93.8402087      0.0861148       
93.8412087      0.0931722       
93.8422087      0.0994443       
93.8432087      0.1048293       
93.8442087      0.1092468       
93.8452087      0.1126375       
93.8462087      0.1149635       
93.8472087      0.1162081       
93.8482087      0.1163743       
93.8492087      0.1154846       
93.8502087      0.1135794       
93.8512087      0.1107153       
93.8522087      0.1069640       
93.8532087      0.1024097       
93.8542087      0.0971475       
93.8552087      0.0912815       
93.8562087      0.0849220       
93.8572087      0.0781841       
93.8582087      0.0711849       
93.8592087      0.0640415       
93.8602087      0.0568694       
93.8612087      0.0497799       
93.8622087      0.0428788       
93.8632087      0.0362646       
93.8642087      0.0300271       
93.8652087      0.0242459       
93.8662087      0.0189898       
93.8672087      0.0143158       
93.8682087      0.0102685       
93.8692087      0.0068797       
93.8702087      0.0041688       
93.8712087      0.0021420       
93.8722087      0.0007938       
93.8732087      0.0001065       
93.8742087      0.0000518       
93.8752087      0.0005910       
93.8762087      0.0016766       
93.8772087      0.0032532       
93.8782087      0.0052588       
93.8792087      0.0076263       
93.8802087      0.0102848       
93.8812087      0.0131609       
93.8822087      0.0161804       
93.8832087      0.0192694       
93.8842087      0.0223560       
93.8852087      0.0253710       
93.8862087      0.0282495       
93.8872087      0.0309320       
93.8882087      0.0333650       
93.8892087      0.0355017       
93.8902087      0.0373033       
93.8912087      0.0387387       
93.8922087      0.0397850       
93.8932087      0.0404280       
93.8942087      0.0406618       
93.8952087      0.0404887       
93.8962087      0.0399190       
93.8972087      0.0389705       
93.8982087      0.0376676       
93.8992087      0.0360412       
93.9002087      0.0341275       
93.9012087      0.0319670       
93.9022087      0.0296042       
93.9032087      0.0270859       
93.9042087      0.0244607       
93.9052087      0.0217778       
93.9062087      0.0190862       
93.9072087      0.0164337       
93.9082087      0.0138657       
93.9092087      0.0114250       
93.9102087      0.0091506       
93.9112087      0.0070772       
93.9122087      0.0052347       
93.9132087      0.0036475       
93.9142087      0.0023346       
93.9152087      0.0013091       
93.9162087      0.0005783       
93.9172087      0.0001434       
93.9182087      0.0000000       
93.9192087      0.0001382       
93.9202087      0.0005429       
93.9212087      0.0011944       
93.9222087      0.0020685       
93.9232087      0.0031378       
93.9242087      0.0043715       
93.9252087      0.0057368       
93.9262087      0.0071991       
93.9272087      0.0087231       
93.9282087      0.0102730       
93.9292087      0.0118139       
93.9302087      0.0133118       
93.9312087      0.0147348       
93.9322087      0.0160531       
93.9332087      0.0172400       
93.9342087      0.0182723       
93.9352087      0.0191302       
93.9362087      0.0197982       
93.9372087      0.0202649       
93.9382087      0.0205233       
93.9392087      0.0205709       
93.9402087      0.0204093       
93.9412087      0.0200444       
93.9422087      0.0194860       
93.9432087      0.0187476       
93.9442087      0.0178460       
93.9452087      0.0168009       
93.9462087      0.0156343       
93.9472087      0.0143704       
93.9482087      0.0130346       
93.9492087      0.0116531       
93.9502087      0.0102528       
93.9512087      0.0088599       
93.9522087      0.0075002       
93.9532087      0.0061982       
93.9542087      0.0049767       
93.9552087      0.0038563       
93.9562087      0.0028553       
93.9572087      0.0019890       
93.9582087      0.0012700       
93.9592087      0.0007074       
93.9602087      0.0003071       
93.9612087      0.0000717       
93.9622087      0.0000003       
93.9632087      0.0000889       
93.9642087      0.0003305       
93.9652087      0.0007148       
93.9662087      0.0012294       
93.9672087      0.0018592       
93.9682087      0.0025872       
93.9692087      0.0033950       
93.9702087      0.0042629       
93.9712087      0.0051703       
93.9722087      0.0060965       
93.9732087      0.0070207       
93.9742087      0.0079228       
93.9752087      0.0087833       
93.9762087      0.0095843       
93.9772087      0.0103092       
93.9782087      0.0109435       
93.9792087      0.0114747       
93.9802087      0.0118929       
93.9812087      0.0121904       
93.9822087      0.0123623       
93.9832087      0.0124063       
93.9842087      0.0123228       
93.9852087      0.0121148       
93.9862087      0.0117878       
93.9872087      0.0113493       
93.9882087      0.0108095       
93.9892087      0.0101800       
93.9902087      0.0094742       
93.9912087      0.0087067       
93.9922087      0.0078933       
93.9932087      0.0070502       
93.9942087      0.0061941       
93.9952087      0.0053416       
93.9962087      0.0045088       
93.9972087      0.0037113       
93.9982087      0.0029636       
93.9992087      0.0022789       
94.0002087      0.0016691       
94.0012087      0.0011442       
94.0022087      0.0007123       
94.0032087      0.0003794       
94.0042087      0.0001497       
94.0052087      0.0000250       
94.0062087      0.0000049       
