93.6102222      0.0000606       
93.6112222      0.0000049       
93.6122222      0.0000117       
93.6132222      0.0000825       
93.6142222      0.0002178       
93.6152222      0.0004171       
93.6162222      0.0006793       
93.6172222      0.0010026       
93.6182222      0.0013841       
93.6192222      0.0018204       
93.6202222      0.0023072       
93.6212222      0.0028396       
93.6222222      0.0034120       
93.6232222      0.0040182       
93.6242222      0.0046515       
93.6252222      0.0053049       
93.6262222      0.0059707       
93.6272222      0.0066414       
93.6282222      0.0073090       
93.6292222      0.0079654       
93.6302222      0.0086029       
93.6312222      0.0092134       
93.6322222      0.0097895       
93.6332222      0.0103238       
93.6342222      0.0108095       
93.6352222      0.0112402       
93.6362222      0.0116103       
93.6372222      0.0119146       
93.6382222      0.0121489       
93.6392222      0.0123096       
93.6402222      0.0123943       
93.6412222      0.0124012       
93.6422222      0.0123297       
93.6432222      0.0121800       
93.6442222      0.0119534       
93.6452222      0.0116523       
93.6462222      0.0112798       
93.6472222      0.0108402       
93.6482222      0.0103387       
93.6492222      0.0097813       
93.6502222      0.0091749       
93.6512222      0.0085269       
93.6522222      0.0078457       
93.6532222      0.0071401       
93.6542222      0.0064192       
93.6552222      0.0056928       
93.6562222      0.0049707       
93.6572222      0.0042629       
93.6582222      0.0035793       
93.6592222      0.0029298       
93.6602222      0.0023240       
93.6612222      0.0017711       
93.6622222      0.0012798       
93.6632222      0.0008583       
93.6642222      0.0005139       
93.6652222      0.0002532       
93.6662222      0.0000818       
93.6672222      0.0000044       
93.6682222      0.0000243       
93.6692222      0.0001441       
93.6702222      0.0003649       
93.6712222      0.0006866       
93.6722222      0.0011078       
93.6732222      0.0016261       
93.6742222      0.0022376       
93.6752222      0.0029372       
93.6762222      0.0037186       
93.6772222      0.0045746       
93.6782222      0.0054965       
93.6792222      0.0064752       
93.6802222      0.0075002       
93.6812222      0.0085606       
93.6822222      0.0096447       
93.6832222      0.0107403       
93.6842222      0.0118350       
93.6852222      0.0129159       
93.6862222      0.0139702       
93.6872222      0.0149854       
93.6882222      0.0159490       
93.6892222      0.0168490       
93.6902222      0.0176740       
93.6912222      0.0184132       
93.6922222      0.0190570       
93.6932222      0.0195965       
93.6942222      0.0200241       
93.6952222      0.0203334       
93.6962222      0.0205195       
93.6972222      0.0205788       
93.6982222      0.0205092       
93.6992222      0.0203105       
93.7002222      0.0199838       
93.7012222      0.0195319       
93.7022222      0.0189593       
93.7032222      0.0182723       
93.7042222      0.0174783       
93.7052222      0.0165868       
93.7062222      0.0156082       
93.7072222      0.0145545       
93.7082222      0.0134390       
93.7092222      0.0122759       
93.7102222      0.0110803       
93.7112222      0.0098681       
93.7122222      0.0086560       
93.7132222      0.0074607       
93.7142222      0.0062994       
93.7152222      0.0051891       
93.7162222      0.0041466       
93.7172222      0.0031882       
93.7182222      0.0023299       
93.7192222      0.0015863       
93.7202222      0.0009714       
93.7212222      0.0004976       
93.7222222      0.0001763       
93.7232222      0.0000168       
93.7242222      0.0000270       
93.7252222      0.0002129       
93.7262222      0.0005783       
93.7272222      0.0011250       
93.7282222      0.0018528       
93.7292222      0.0027592       
93.7302222      0.0038393       
93.7312222      0.0050862       
93.7322222      0.0064908       
93.7332222      0.0080418       
93.7342222      0.0097259       
93.7352222      0.0115279       
93.7362222      0.0134309       
93.7372222      0.0154163       
93.7382222      0.0174640       
93.7392222      0.0195529       
93.7402222      0.0216606       
93.7412222      0.0237644       
93.7422222      0.0258407       
93.7432222      0.0278659       
93.7442222      0.0298165       
93.7452222      0.0316693       
93.7462222      0.0334018       
93.7472222      0.0349923       
93.7482222      0.0364206       
93.7492222      0.0376676       
93.7502222      0.0387164       
93.7512222      0.0395519       
93.7522222      0.0401612       
93.7532222      0.0405341       
93.7542222      0.0406628       
93.7552222      0.0405425       
93.7562222      0.0401714       
93.7572222      0.0395505       
93.7582222      0.0386842       
93.7592222      0.0375800       
93.7602222      0.0362485       
93.7612222      0.0347035       
93.7622222      0.0329619       
93.7632222      0.0310434       
93.7642222      0.0289705       
93.7652222      0.0267685       
93.7662222      0.0244649       
93.7672222      0.0220895       
93.7682222      0.0196737       
93.7692222      0.0172507       
93.7702222      0.0148547       
93.7712222      0.0125209       
93.7722222      0.0102848       
93.7732222      0.0081820       
93.7742222      0.0062478       
93.7752222      0.0045166       
93.7762222      0.0030218       
93.7772222      0.0017951       
93.7782222      0.0008660       
93.7792222      0.0002618       
93.7802222      0.0000071       
93.7812222      0.0001230       
93.7822222      0.0006275       
93.7832222      0.0015344       
93.7842222      0.0028537       
93.7852222      0.0045911       
93.7862222      0.0067477       
93.7872222      0.0093200       
93.7882222      0.0122997       
93.7892222      0.0156738       
93.7902222      0.0194245       
93.7912222      0.0235292       
93.7922222      0.0279607       
93.7932222      0.0326874       
93.7942222      0.0376734       
93.7952222      0.0428788       
93.7962222      0.0482601       
93.7972222      0.0537705       
93.7982222      0.0593602       
93.7992222      0.0649773       
93.8002222      0.0705677       
93.8012222      0.0760761       
93.8022222      0.0814464       
93.8032222      0.0866222       
93.8042222      0.0915476       
93.8052222      0.0961677       
93.8062222      0.1004293       
93.8072222      0.1042816       
93.8082222      0.1076766       
93.8092222      0.1105701       
93.8102222      0.1129220       
93.8112222      0.1146970       
93.8122222      0.1158651       
93.8132222      0.1164022       
93.8142222      0.1162906       
93.8152222      0.1155193       
93.8162222      0.1140846       
93.8172222      0.1119899       
93.8182222      0.1092468       
93.8192222      0.1058743       
93.8202222      0.1018998       
93.8212222      0.0973586       
93.8222222      0.0922938       
93.8232222      0.0867567       
93.8242222      0.0808061       
93.8252222      0.0745083       
93.8262222      0.0679365       
93.8272222      0.0611707       
93.8282222      0.0542970       
93.8292222      0.0474069       
93.8302222      0.0405969       
93.8312222      0.0339678       
93.8322222      0.0276236       
93.8332222      0.0216710       
93.8342222      0.0162185       
93.8352222      0.0113755       
93.8362222      0.0072511       
93.8372222      0.0039536       
93.8382222      0.0015891       
93.8392222      0.0002607       
93.8402222      0.0000678       
93.8412222      0.0011044       
93.8422222      0.0034591       
93.8432222      0.0072134       
93.8442222      0.0124410       
93.8452222      0.0192074       
93.8462222      0.0275686       
93.8472222      0.0375706       
93.8482222      0.0492487       
93.8492222      0.0626268       
93.8502222      0.0777173       
93.8512222      0.0945203       
93.8522222      0.1130233       
93.8532222      0.1332014       
93.8542222      0.1550165       
93.8552222      0.1784178       
93.8562222      0.2033420       
93.8572222      0.2297129       
93.8582222      0.2574422       
93.8592222      0.2864297       
93.8602222      0.3165638       
93.8612222      0.3477224       
93.8622222      0.3797729       
93.8632222      0.4125738       
93.8642222      0.4459752       
93.8652222      0.4798194       
93.8662222      0.5139428       
93.8672222      0.5481760       
93.8682222      0.5823456       
93.8692222      0.6162752       
93.8702222      0.6497865       
93.8712222      0.6827009       
93.8722222      0.7148402       
93.8732222      0.7460284       
93.8742222      0.7760927       
93.8752222      0.8048647       
93.8762222      0.8321821       
93.8772222      0.8578890       
93.8782222      0.8818381       
93.8792222      0.9038909       
93.8802222      0.9239194       
93.8812222      0.9418064       
93.8822222      0.9574471       
93.8832222      0.9707494       
93.8842222      0.9816346       
93.8852222      0.9900382       
93.8862222      0.9959104       
93.8872222      0.9992162       
93.8882222      0.9999360       
93.8892222      0.9980654       
93.8902222      0.9936157       
93.8912222      0.9866132       
93.8922222      0.9770996       
93.8932222      0.9651313       
93.8942222      0.9507792       
93.8952222      0.9341280       
93.8962222      0.9152755       
93.8972222      0.8943322       
93.8982222      0.8714202       
93.8992222      0.8466722       
93.9002222      0.8202308       
93.9012222      0.7922472       
93.9022222      0.7628804       
93.9032222      0.7322955       
93.9042222      0.7006631       
93.9052222      0.6681574       
93.9062222      0.6349557       
93.9072222      0.6012364       
93.9082222      0.5671782       
93.9092222      0.5329587       
93.9102222      0.4987531       
93.9112222      0.4647332       
93.9122222      0.4310659       
93.9132222      0.3979124       
93.9142222      0.3654269       
93.9152222      0.3337559       
93.9162222      0.3030369       
93.9172222      0.2733979       
93.9182222      0.2449565       
93.9192222      0.2178193       
93.9202222      0.1920812       
93.9212222      0.1678252       
93.9222222      0.1451217       
93.9232222      0.1240287       
93.9242222      0.1045912       
93.9252222      0.0868414       
93.9262222      0.0707987       
93.9272222      0.0564700       
93.9282222      0.0438497       
93.9292222      0.0329202       
93.9302222      0.0236525       
93.9312222      0.0160064       
93.9322222      0.0099313       
93.9332222      0.0053671       
93.9342222      0.0022445       
93.9352222      0.0004861       
93.9362222      0.0000072       
93.9372222      0.0007167       
93.9382222      0.0025181       
93.9392222      0.0053102       
93.9402222      0.0089885       
93.9412222      0.0134457       
93.9422222      0.0185731       
93.9432222      0.0242613       
93.9442222      0.0304013       
93.9452222      0.0368852       
93.9462222      0.0436073       
93.9472222      0.0504651       
93.9482222      0.0573596       
93.9492222      0.0641963       
93.9502222      0.0708861       
93.9512222      0.0773456       
93.9522222      0.0834978       
93.9532222      0.0892723       
93.9542222      0.0946063       
93.9552222      0.0994443       
93.9562222      0.1037385       
93.9572222      0.1074493       
93.9582222      0.1105450       
93.9592222      0.1130018       
93.9602222      0.1148041       
93.9612222      0.1159440       
93.9622222      0.1164212       
93.9632222      0.1162427       
93.9642222      0.1154225       
93.9652222      0.1139814       
93.9662222      0.1119460       
93.9672222      0.1093487       
93.9682222      0.1062271       
93.9692222      0.1026231       
93.9702222      0.0985828       
93.9712222      0.0941554       
93.9722222      0.0893930       
93.9732222      0.0843495       
93.9742222      0.0790803       
93.9752222      0.0736417       
93.9762222      0.0680899       
93.9772222      0.0624809       
93.9782222      0.0568694       
93.9792222      0.0513086       
93.9802222      0.0458496       
93.9812222      0.0405409       
93.9822222      0.0354279       
93.9832222      0.0305524       
93.9842222      0.0259527       
93.9852222      0.0216628       
93.9862222      0.0177124       
93.9872222      0.0141265       
93.9882222      0.0109258       
93.9892222      0.0081258       
93.9902222      0.0057376       
93.9912222      0.0037671       
93.9922222      0.0022160       
93.9932222      0.0010809       
93.9942222      0.0003543       
93.9952222      0.0000245       
93.9962222      0.0000757       
93.9972222      0.0004886       
93.9982222      0.0012404       
93.9992222      0.0023053       
94.0002222      0.0036549       
94.0012222      0.0052588       
94.0022222      0.0070844       
94.0032222      0.0090978       
94.0042222      0.0112643       
94.0052222      0.0135482       
94.0062222      0.0159140       
94.0072222      0.0183263       
94.0082222      0.0207503       
94.0092222      0.0231521       
94.0102222      0.0254994       
94.0112222      0.0277614       
94.0122222      0.0299093       
94.0132222      0.0319165       
94.0142222      0.0337590       
94.0152222      0.0354156       
94.0162222      0.0368675       
94.0172222      0.0380995       
94.0182222      0.0390991       
94.0192222      0.0398570       
94.0202222      0.0403673       
94.0212222      0.0406269       
94.0222222      0.0406361       
94.0232222      0.0403981       
94.0242222      0.0399190       
94.0252222      0.0392078       
94.0262222      0.0382758       
94.0272222      0.0371369       
94.0282222      0.0358071       
94.0292222      0.0343043       
94.0302222      0.0326481       
94.0312222      0.0308594       
94.0322222      0.0289603       
94.0332222      0.0269736       
94.0342222      0.0249228       
94.0352222      0.0228314       
94.0362222      0.0207230       
94.0372222      0.0186208       
94.0382222      0.0165476       
94.0392222      0.0145250       
94.0402222      0.0125739       
94.0412222      0.0107135       
94.0422222      0.0089619       
94.0432222      0.0073352       
94.0442222      0.0058477       
94.0452222      0.0045119       
94.0462222      0.0033382       
94.0472222      0.0023346       
94.0482222      0.0015071       
94.0492222      0.0008596       
94.0502222      0.0003936       
94.0512222      0.0001083       
94.0522222      0.0000011       
94.0532222      0.0000671       
94.0542222      0.0002996       
94.0552222      0.0006900       
94.0562222      0.0012279       
94.0572222      0.0019017       
94.0582222      0.0026980       
94.0592222      0.0036027       
94.0602222      0.0046005       
94.0612222      0.0056752       
94.0622222      0.0068103       
94.0632222      0.0079888       
94.0642222      0.0091937       
94.0652222      0.0104079       
94.0662222      0.0116146       
94.0672222      0.0127977       
94.0682222      0.0139415       
94.0692222      0.0150313       
94.0702222      0.0160531       
94.0712222      0.0169944       
94.0722222      0.0178438       
94.0732222      0.0185913       
94.0742222      0.0192284       
94.0752222      0.0197479       
94.0762222      0.0201446       
94.0772222      0.0204147       
94.0782222      0.0205561       
94.0792222      0.0205682       
94.0802222      0.0204523       
94.0812222      0.0202109       
94.0822222      0.0198483       
94.0832222      0.0193701       
94.0842222      0.0187832       
94.0852222      0.0180959       
94.0862222      0.0173173       
94.0872222      0.0164576       
94.0882222      0.0155279       
94.0892222      0.0145399       
94.0902222      0.0135057       
94.0912222      0.0124380       
94.0922222      0.0113494       
94.0932222      0.0102528       
94.0942222      0.0091607       
94.0952222      0.0080857       
94.0962222      0.0070396       
94.0972222      0.0060339       
94.0982222      0.0050792       
94.0992222      0.0041855       
94.1002222      0.0033617       
94.1012222      0.0026158       
94.1022222      0.0019546       
94.1032222      0.0013840       
94.1042222      0.0009085       
94.1052222      0.0005312       
94.1062222      0.0002543       
94.1072222      0.0000785       
94.1082222      0.0000033       
94.1092222      0.0000270       
94.1102222      0.0001467       
94.1112222      0.0003584       
94.1122222      0.0006570       
94.1132222      0.0010365       
94.1142222      0.0014900       
94.1152222      0.0020097       
94.1162222      0.0025872       
94.1172222      0.0032136       
94.1182222      0.0038795       
94.1192222      0.0045751       
94.1202222      0.0052905       
94.1212222      0.0060157       
94.1222222      0.0067409       
94.1232222      0.0074561       
94.1242222      0.0081520       
94.1252222      0.0088195       
94.1262222      0.0094500       
94.1272222      0.0100355       
94.1282222      0.0105689       
94.1292222      0.0110436       
94.1302222      0.0114539       
94.1312222      0.0117951       
94.1322222      0.0120635       
94.1332222      0.0122561       
94.1342222      0.0123712       
94.1352222      0.0124078       
94.1362222      0.0123662       
94.1372222      0.0122474       
94.1382222      0.0120536       
94.1392222      0.0117878       
94.1402222      0.0114537       
94.1412222      0.0110560       
94.1422222      0.0106001       
94.1432222      0.0100919       
94.1442222      0.0095382       
94.1452222      0.0089459       
94.1462222      0.0083224       
94.1472222      0.0076756       
94.1482222      0.0070132       
94.1492222      0.0063432       
94.1502222      0.0056737       
94.1512222      0.0050125       
94.1522222      0.0043671       
94.1532222      0.0037450       
94.1542222      0.0031531       
94.1552222      0.0025977       
94.1562222      0.0020849       
94.1572222      0.0016200       
94.1582222      0.0012075       
94.1592222      0.0008515       
94.1602222      0.0005551       
94.1612222      0.0003206       
94.1622222      0.0001497       
94.1632222      0.0000431       
94.1642222      0.0000008       
94.1652222      0.0000220       
