0.0000000       1.0000000       1.0000000       
0.0080000       0.9957149       0.9961113       
0.0160000       0.9878642       0.9854496       
0.0240000       0.9752502       0.9706938       
0.0320000       0.9613110       0.9553195       
0.0400000       0.9541586       0.9425065       
0.0480000       0.9471660       0.9342288       
0.0560000       0.9404196       0.9308352       
0.0640000       0.9384194       0.9312266       
0.0720000       0.9354892       0.9335023       
0.0800000       0.9384884       0.9357823       
0.0880000       0.9330307       0.9368759       
0.0960000       0.9342000       0.9365651       
0.1040000       0.9302873       0.9354512       
0.1120000       0.9311724       0.9344947       
0.1200000       0.9337927       0.9344861       
0.1280000       0.9364355       0.9356801       
0.1360000       0.9353909       0.9377257       
0.1440000       0.9364891       0.9398800       
0.1520000       0.9377713       0.9413720       
0.1600000       0.9381182       0.9417363       
0.1680000       0.9372831       0.9409741       
0.1760000       0.9385965       0.9394926       
0.1840000       0.9354483       0.9378813       
0.1920000       0.9356151       0.9366455       
0.2000000       0.9361298       0.9360205       
0.2080000       0.9352024       0.9359372       
0.2160000       0.9374333       0.9361295       
0.2240000       0.9394325       0.9363115       
0.2320000       0.9377032       0.9363297       
0.2400000       0.9386758       0.9362224       
0.2480000       0.9369609       0.9361688       
0.2560000       0.9370429       0.9363690       
0.2640000       0.9398770       0.9369211       
0.2720000       0.9360000       0.9377589       
0.2800000       0.9365092       0.9386740       
0.2880000       0.9359774       0.9394063       
0.2960000       0.9361936       0.9397543       
0.3040000       0.9405579       0.9396527       
0.3120000       0.9369384       0.9391855       
0.3200000       0.9374460       0.9385352       
0.3280000       0.9357243       0.9378984       
0.3360000       0.9397934       0.9374099       
0.3440000       0.9340693       0.9371074       
0.3520000       0.9409557       0.9369457       
0.3600000       0.9352521       0.9368471       
0.3680000       0.9388590       0.9367567       
0.3760000       0.9357197       0.9366761       
0.3840000       0.9411261       0.9366597       
0.3920000       0.9373277       0.9367804       
0.4000000       0.9408468       0.9370837       
0.4080000       0.9393553       0.9375540       
0.4160000       0.9378895       0.9381089       
0.4240000       0.9367137       0.9386237       
0.4320000       0.9409611       0.9389736       
0.4400000       0.9374286       0.9390757       
0.4480000       0.9406974       0.9389139       
0.4560000       0.9397271       0.9385379       
0.4640000       0.9383620       0.9380418       
0.4720000       0.9385928       0.9375317       
0.4800000       0.9394542       0.9370962       
0.4880000       0.9364453       0.9367902       
0.4960000       0.9404976       0.9366326       
0.5040000       0.9386824       0.9366159       
0.5120000       0.9342579       0.9367183       
0.5200000       0.9381646       0.9369133       
0.5280000       0.9403186       0.9371728       
0.5360000       0.9367995       0.9374655       
0.5440000       0.9376698       0.9377555       
0.5520000       0.9372585       0.9380034       
0.5600000       0.9360032       0.9381720       
0.5680000       0.9353109       0.9382350       
0.5760000       0.9393631       0.9381849       
0.5840000       0.9356633       0.9380357       
0.5920000       0.9390934       0.9378195       
0.6000000       0.9354643       0.9375774       
0.6080000       0.9390723       0.9373492       
0.6160000       0.9369985       0.9371641       
0.6240000       0.9380806       0.9370378       
0.6320000       0.9335302       0.9369728       
0.6400000       0.9390104       0.9369644       
0.6480000       0.9396122       0.9370056       
0.6560000       0.9389445       0.9370902       
0.6640000       0.9357178       0.9372132       
0.6720000       0.9400731       0.9373686       
0.6800000       0.9390059       0.9375459       
0.6880000       0.9370805       0.9377296       
0.6960000       0.9353218       0.9379000       
0.7040000       0.9394959       0.9380377       
0.7120000       0.9340881       0.9381270       
0.7200000       0.9372187       0.9381605       
0.7280000       0.9385934       0.9381394       
0.7360000       0.9346602       0.9380725       
0.7440000       0.9383252       0.9379735       
0.7520000       0.9335835       0.9378579       
0.7600000       0.9387759       0.9377407       
0.7680000       0.9354107       0.9376352       
0.7760000       0.9389160       0.9375522       
0.7840000       0.9360372       0.9375001       
0.7920000       0.9358073       0.9374834       
0.8000000       0.9372941       0.9375018       
0.8080000       0.9362107       0.9375488       
0.8160000       0.9349430       0.9376125       
0.8240000       0.9372015       0.9376768       
0.8320000       0.9336280       0.9377246       
0.8400000       0.9365298       0.9377424       
0.8480000       0.9363717       0.9377230       
0.8560000       0.9369269       0.9376683       
0.8640000       0.9362332       0.9375887       
0.8720000       0.9376951       0.9375010       
0.8800000       0.9357140       0.9374244       
0.8880000       0.9384030       0.9373761       
0.8960000       0.9389992       0.9373669       
0.9040000       0.9372597       0.9373990       
0.9120000       0.9389915       0.9374657       
0.9200000       0.9358507       0.9375531       
0.9280000       0.9366130       0.9376443       
0.9360000       0.9363132       0.9377242       
0.9440000       0.9373410       0.9377832       
0.9520000       0.9368154       0.9378192       
0.9600000       0.9393789       0.9378368       
0.9680000       0.9379451       0.9378432       
0.9760000       0.9362122       0.9378441       
0.9840000       0.9378676       0.9378397       
0.9920000       0.9376259       0.9378237       
1.0000000       0.9361700       0.9377861       
1.0080000       0.9376457       0.9377182       
1.0160000       0.9403243       0.9376184       
1.0240000       0.9350258       0.9374960       
1.0320000       0.9364001       0.9373704       
1.0400000       0.9393974       0.9372665       
1.0480000       0.9401681       0.9372073       
1.0560000       0.9360425       0.9372060       
1.0640000       0.9378765       0.9372616       
1.0720000       0.9381213       0.9373592       
1.0800000       0.9361299       0.9374749       
1.0880000       0.9382693       0.9375836       
1.0960000       0.9390637       0.9376664       
1.1040000       0.9379314       0.9377150       
1.1120000       0.9429483       0.9377322       
1.1200000       0.9352255       0.9377274       
1.1280000       0.9405334       0.9377121       
1.1360000       0.9369011       0.9376936       
1.1440000       0.9360117       0.9376732       
1.1520000       0.9359967       0.9376468       
1.1600000       0.9384683       0.9376083       
1.1680000       0.9395605       0.9375546       
1.1760000       0.9381576       0.9374885       
1.1840000       0.9366475       0.9374208       
1.1920000       0.9358627       0.9373676       
1.2000000       0.9395218       0.9373457       
1.2080000       0.9369298       0.9373671       
1.2160000       0.9379987       0.9374342       
1.2240000       0.9367349       0.9375367       
1.2320000       0.9398555       0.9376539       
1.2400000       0.9381721       0.9377592       
1.2480000       0.9372126       0.9378276       
1.2560000       0.9364542       0.9378434       
1.2640000       0.9387652       0.9378045       
1.2720000       0.9373981       0.9377231       
1.2800000       0.9383740       0.9376213       
1.2880000       0.9395977       0.9375241       
1.2960000       0.9361974       0.9374503       
1.3040000       0.9401138       0.9374080       
1.3120000       0.9382882       0.9373925       
1.3200000       0.9385747       0.9373908       
1.3280000       0.9385888       0.9373879       
1.3360000       0.9401456       0.9373742       
1.3440000       0.9375715       0.9373491       
1.3520000       0.9382721       0.9373214       
1.3600000       0.9393516       0.9373039       
1.3680000       0.9383717       0.9373084       
1.3760000       0.9399075       0.9373395       
1.3840000       0.9346186       0.9373932       
1.3920000       0.9396953       0.9374586       
1.4000000       0.9380185       0.9375227       
1.4080000       0.9360396       0.9375754       
1.4160000       0.9397399       0.9376125       
1.4240000       0.9356160       0.9376364       
1.4320000       0.9360678       0.9376531       
1.4400000       0.9381304       0.9376694       
1.4480000       0.9371128       0.9376893       
1.4560000       0.9387356       0.9377134       
1.4640000       0.9406532       0.9377392       
1.4720000       0.9372290       0.9377625       
1.4800000       0.9386865       0.9377789       
1.4880000       0.9393369       0.9377847       
1.4960000       0.9389677       0.9377771       
1.5040000       0.9362620       0.9377546       
1.5120000       0.9350394       0.9377177       
1.5200000       0.9385711       0.9376696       
1.5280000       0.9380450       0.9376171       
1.5360000       0.9394286       0.9375691       
1.5440000       0.9368294       0.9375337       
1.5520000       0.9398829       0.9375153       
1.5600000       0.9386870       0.9375114       
1.5680000       0.9350104       0.9375129       
1.5760000       0.9384945       0.9375072       
1.5840000       0.9383550       0.9374840       
1.5920000       0.9373396       0.9374410       
1.6000000       0.9365668       0.9373863       
1.6080000       0.9364056       0.9373367       
1.6160000       0.9365917       0.9373104       
1.6240000       0.9362469       0.9373195       
1.6320000       0.9380979       0.9373639       
1.6400000       0.9351489       0.9374300       
1.6480000       0.9374618       0.9374969       
1.6560000       0.9379605       0.9375455       
1.6640000       0.9351899       0.9375671       
1.6720000       0.9345113       0.9375684       
1.6800000       0.9370130       0.9375676       
1.6880000       0.9374668       0.9375853       
1.6960000       0.9360504       0.9376335       
1.7040000       0.9377025       0.9377079       
1.7120000       0.9380187       0.9377875       
1.7200000       0.9377835       0.9378435       
1.7280000       0.9366351       0.9378513       
1.7360000       0.9387340       0.9378027       
1.7440000       0.9370077       0.9377108       
1.7520000       0.9413413       0.9376052       
1.7600000       0.9358730       0.9375197       
1.7680000       0.9391830       0.9374776       
1.7760000       0.9376723       0.9374816       
1.7840000       0.9364371       0.9375120       
1.7920000       0.9357577       0.9375366       
