0.0000000       1.0000000       1.0000000       
0.0080000       0.9841002       0.9913557       
0.0160000       0.9579909       0.9663517       
0.0240000       0.9158749       0.9276464       
0.0320000       0.8675955       0.8792654       
0.0400000       0.8154666       0.8260711       
0.0480000       0.7615813       0.7731556       
0.0560000       0.7168022       0.7252518       
0.0640000       0.6790459       0.6862411       
0.0720000       0.6535199       0.6588118       
0.0800000       0.6448462       0.6442833       
0.0880000       0.6456302       0.6425930       
0.0960000       0.6575653       0.6524184       
0.1040000       0.6806628       0.6714048       
0.1120000       0.7057294       0.6964678       
0.1200000       0.7365157       0.7241432       
0.1280000       0.7643918       0.7509554       
0.1360000       0.7891748       0.7737770       
0.1440000       0.8036925       0.7901460       
0.1520000       0.8059254       0.7985070       
0.1600000       0.8049403       0.7983470       
0.1680000       0.7912003       0.7902071       
0.1760000       0.7766650       0.7755672       
0.1840000       0.7522300       0.7566192       
0.1920000       0.7313987       0.7359618       
0.2000000       0.7065761       0.7162586       
0.2080000       0.6925891       0.6999067       
0.2160000       0.6790276       0.6887575       
0.2240000       0.6756137       0.6839203       
0.2320000       0.6785460       0.6856679       
0.2400000       0.6882785       0.6934481       
0.2480000       0.7021778       0.7059940       
0.2560000       0.7216339       0.7215131       
0.2640000       0.7415113       0.7379313       
0.2720000       0.7579508       0.7531598       
0.2800000       0.7700498       0.7653532       
0.2880000       0.7833385       0.7731277       
0.2960000       0.7818970       0.7757139       
0.3040000       0.7814061       0.7730273       
0.3120000       0.7725234       0.7656488       
0.3200000       0.7598335       0.7547230       
0.3280000       0.7439811       0.7417882       
0.3360000       0.7299293       0.7285642       
0.3440000       0.7156795       0.7167268       
0.3520000       0.7034531       0.7076990       
0.3600000       0.6979878       0.7024840       
0.3680000       0.6971982       0.7015600       
0.3760000       0.6983578       0.7048454       
0.3840000       0.7055543       0.7117361       
0.3920000       0.7138272       0.7212061       
0.4000000       0.7262067       0.7319554       
0.4080000       0.7389981       0.7425849       
0.4160000       0.7508918       0.7517757       
0.4240000       0.7594601       0.7584489       
0.4320000       0.7667365       0.7618900       
0.4400000       0.7659990       0.7618203       
0.4480000       0.7657179       0.7584122       
0.4560000       0.7609228       0.7522470       
0.4640000       0.7491307       0.7442233       
0.4720000       0.7422546       0.7354301       
0.4800000       0.7314826       0.7270019       
0.4880000       0.7185080       0.7199742       
0.4960000       0.7136971       0.7151583       
0.5040000       0.7091697       0.7130496       
0.5120000       0.7084492       0.7137801       
0.5200000       0.7078115       0.7171194       
0.5280000       0.7109376       0.7225205       
0.5360000       0.7206607       0.7292049       
0.5440000       0.7310336       0.7362715       
0.5520000       0.7388435       0.7428170       
0.5600000       0.7465094       0.7480489       
0.5680000       0.7532320       0.7513799       
0.5760000       0.7573322       0.7524909       
0.5840000       0.7566204       0.7513564       
0.5920000       0.7569565       0.7482324       
0.6000000       0.7528494       0.7436094       
0.6080000       0.7471245       0.7381387       
0.6160000       0.7386131       0.7325429       
0.6240000       0.7305158       0.7275220       
0.6320000       0.7256906       0.7236677       
0.6400000       0.7208004       0.7213953       
0.6480000       0.7195341       0.7209014       
0.6560000       0.7148605       0.7221513       
0.6640000       0.7154615       0.7248950       
0.6720000       0.7214911       0.7287108       
0.6800000       0.7242674       0.7330668       
0.6880000       0.7300012       0.7373942       
0.6960000       0.7374018       0.7411607       
0.7040000       0.7439061       0.7439352       
0.7120000       0.7448662       0.7454364       
0.7200000       0.7508387       0.7455589       
0.7280000       0.7507725       0.7443752       
0.7360000       0.7508726       0.7421152       
0.7440000       0.7484395       0.7391263       
0.7520000       0.7462142       0.7358220       
0.7600000       0.7388834       0.7326257       
0.7680000       0.7338124       0.7299181       
0.7760000       0.7287437       0.7279938       
0.7840000       0.7265249       0.7270326       
0.7920000       0.7222549       0.7270868       
0.8000000       0.7224031       0.7280837       
0.8080000       0.7212796       0.7298431       
0.8160000       0.7256308       0.7321044       
0.8240000       0.7264303       0.7345620       
0.8320000       0.7294571       0.7369032       
0.8400000       0.7347237       0.7388453       
0.8480000       0.7391458       0.7401683       
0.8560000       0.7410741       0.7407398       
0.8640000       0.7443485       0.7405279       
0.8720000       0.7451935       0.7396016       
0.8800000       0.7448985       0.7381182       
0.8880000       0.7435998       0.7362984       
0.8960000       0.7415527       0.7343945       
0.9040000       0.7378258       0.7326552       
0.9120000       0.7369843       0.7312925       
0.9200000       0.7329556       0.7304562       
0.9280000       0.7278309       0.7302187       
0.9360000       0.7280568       0.7305708       
0.9440000       0.7266641       0.7314301       
0.9520000       0.7258045       0.7326571       
0.9600000       0.7279310       0.7340778       
0.9680000       0.7304695       0.7355084       
0.9760000       0.7313787       0.7367787       
0.9840000       0.7342457       0.7377516       
0.9920000       0.7361673       0.7383365       
1.0000000       0.7395091       0.7384955       
1.0080000       0.7407981       0.7382434       
1.0160000       0.7410342       0.7376406       
1.0240000       0.7424898       0.7367822       
1.0320000       0.7435671       0.7357845       
1.0400000       0.7408676       0.7347700       
1.0480000       0.7404211       0.7338539       
1.0560000       0.7365550       0.7331327       
1.0640000       0.7331923       0.7326751       
1.0720000       0.7323142       0.7325161       
1.0800000       0.7303087       0.7326549       
1.0880000       0.7305756       0.7330558       
1.0960000       0.7289878       0.7336534       
1.1040000       0.7297781       0.7343610       
1.1120000       0.7291544       0.7350813       
1.1200000       0.7313597       0.7357195       
1.1280000       0.7357538       0.7361956       
1.1360000       0.7341613       0.7364548       
1.1440000       0.7354965       0.7364743       
1.1520000       0.7395895       0.7362651       
1.1600000       0.7396482       0.7358683       
1.1680000       0.7401378       0.7353481       
1.1760000       0.7403812       0.7347805       
1.1840000       0.7394380       0.7342424       
1.1920000       0.7400095       0.7338008       
1.2000000       0.7347651       0.7335051       
1.2080000       0.7363988       0.7333826       
1.2160000       0.7345206       0.7334371       
1.2240000       0.7343439       0.7336517       
1.2320000       0.7309537       0.7339926       
1.2400000       0.7322924       0.7344151       
1.2480000       0.7271123       0.7348700       
1.2560000       0.7329201       0.7353091       
1.2640000       0.7312825       0.7356899       
1.2720000       0.7325235       0.7359799       
1.2800000       0.7337311       0.7361580       
1.2880000       0.7334388       0.7362160       
1.2960000       0.7351293       0.7361579       
1.3040000       0.7370420       0.7359986       
1.3120000       0.7383158       0.7357618       
1.3200000       0.7354983       0.7354769       
1.3280000       0.7402270       0.7351758       
1.3360000       0.7394188       0.7348897       
1.3440000       0.7383420       0.7346452       
1.3520000       0.7369478       0.7344624       
1.3600000       0.7356907       0.7343526       
1.3680000       0.7319381       0.7343179       
1.3760000       0.7340856       0.7343516       
1.3840000       0.7347711       0.7344403       
1.3920000       0.7319853       0.7345667       
1.4000000       0.7330162       0.7347123       
1.4080000       0.7311222       0.7348601       
1.4160000       0.7336251       0.7349966       
1.4240000       0.7350466       0.7351125       
1.4320000       0.7332203       0.7352027       
1.4400000       0.7351255       0.7352652       
1.4480000       0.7356538       0.7353003       
1.4560000       0.7366924       0.7353095       
1.4640000       0.7367145       0.7352951       
1.4720000       0.7352062       0.7352600       
1.4800000       0.7387388       0.7352083       
1.4880000       0.7392449       0.7351448       
1.4960000       0.7344088       0.7350754       
1.5040000       0.7378874       0.7350063       
1.5120000       0.7351330       0.7349433       
1.5200000       0.7358029       0.7348906       
1.5280000       0.7348606       0.7348499       
1.5360000       0.7336361       0.7348197       
1.5440000       0.7351734       0.7347954       
1.5520000       0.7354037       0.7347700       
1.5600000       0.7316754       0.7347355       
1.5680000       0.7311566       0.7346850       
1.5760000       0.7356825       0.7346146       
1.5840000       0.7333677       0.7345249       
1.5920000       0.7351841       0.7344218       
1.6000000       0.7359852       0.7343158       
1.6080000       0.7346508       0.7342206       
1.6160000       0.7348463       0.7341502       
1.6240000       0.7345344       0.7341167       
1.6320000       0.7367139       0.7341278       
1.6400000       0.7369352       0.7341860       
1.6480000       0.7347513       0.7342883       
1.6560000       0.7396798       0.7344283       
1.6640000       0.7350608       0.7345971       
1.6720000       0.7367831       0.7347848       
1.6800000       0.7366846       0.7349816       
1.6880000       0.7351199       0.7351769       
1.6960000       0.7350220       0.7353591       
1.7040000       0.7318754       0.7355152       
1.7120000       0.7355699       0.7356306       
1.7200000       0.7339056       0.7356914       
1.7280000       0.7333352       0.7356867       
1.7360000       0.7323268       0.7356116       
1.7440000       0.7333831       0.7354694       
1.7520000       0.7325135       0.7352725       
1.7600000       0.7329111       0.7350415       
1.7680000       0.7357644       0.7348022       
1.7760000       0.7346712       0.7345816       
1.7840000       0.7362211       0.7344038       
1.7920000       0.7382238       0.7342861       
