0.0000000       1.0000000       1.0000000       
0.0080000       0.9867846       0.9929557       
0.0160000       0.9688203       0.9725481       
0.0240000       0.9273091       0.9408691       
0.0320000       0.8849320       0.9011360       
0.0400000       0.8395531       0.8573242       
0.0480000       0.7941399       0.8137204       
0.0560000       0.7558951       0.7744506       
0.0640000       0.7246738       0.7430392       
0.0720000       0.7094386       0.7220489       
0.0800000       0.6996811       0.7128395       
0.0880000       0.7101012       0.7154676       
0.0960000       0.7265276       0.7287344       
0.1040000       0.7516487       0.7503692       
0.1120000       0.7841398       0.7773247       
0.1200000       0.8171155       0.8061481       
0.1280000       0.8457640       0.8333834       
0.1360000       0.8694535       0.8559588       
0.1440000       0.8846953       0.8715173       
0.1520000       0.8915555       0.8786518       
0.1600000       0.8868209       0.8770216       
0.1680000       0.8756249       0.8673407       
0.1760000       0.8560008       0.8512418       
0.1840000       0.8350255       0.8310382       
0.1920000       0.8052498       0.8094145       
0.2000000       0.7845480       0.7890867       
0.2080000       0.7655222       0.7724740       
0.2160000       0.7539523       0.7614209       
0.2240000       0.7500176       0.7570006       
0.2320000       0.7526482       0.7594219       
0.2400000       0.7630616       0.7680441       
0.2480000       0.7775524       0.7814957       
0.2560000       0.7948692       0.7978759       
0.2640000       0.8151394       0.8150132       
0.2720000       0.8360117       0.8307453       
0.2800000       0.8488343       0.8431860       
0.2880000       0.8614840       0.8509452       
0.2960000       0.8641974       0.8532796       
0.3040000       0.8616293       0.8501546       
0.3120000       0.8530478       0.8422167       
0.3200000       0.8383760       0.8306819       
0.3280000       0.8231289       0.8171580       
0.3360000       0.8066811       0.8034262       
0.3440000       0.7931392       0.7912110       
0.3520000       0.7808786       0.7819672       
0.3600000       0.7711624       0.7767113       
0.3680000       0.7711298       0.7759137       
0.3760000       0.7723475       0.7794659       
0.3840000       0.7827588       0.7867205       
0.3920000       0.7893658       0.7965972       
0.4000000       0.8023198       0.8077380       
0.4080000       0.8185581       0.8186903       
0.4160000       0.8282834       0.8280925       
0.4240000       0.8380167       0.8348403       
0.4320000       0.8429353       0.8382123       
0.4400000       0.8479965       0.8379427       
0.4480000       0.8424818       0.8342326       
0.4560000       0.8384719       0.8277038       
0.4640000       0.8321903       0.8193008       
0.4720000       0.8195189       0.8101584       
0.4800000       0.8111263       0.8014503       
0.4880000       0.7950684       0.7942413       
0.4960000       0.7881066       0.7893587       
0.5040000       0.7823112       0.7873005       
0.5120000       0.7827594       0.7881883       
0.5200000       0.7828498       0.7917712       
0.5280000       0.7897722       0.7974746       
0.5360000       0.7937387       0.8044885       
0.5440000       0.8061837       0.8118802       
0.5520000       0.8136009       0.8187167       
0.5600000       0.8226569       0.8241809       
0.5680000       0.8274427       0.8276670       
0.5760000       0.8332006       0.8288450       
0.5840000       0.8352204       0.8276871       
0.5920000       0.8332254       0.8244561       
0.6000000       0.8296613       0.8196574       
0.6080000       0.8249193       0.8139644       
0.6160000       0.8164936       0.8081260       
0.6240000       0.8100316       0.8028700       
0.6320000       0.8006827       0.7988140       
0.6400000       0.7952957       0.7963936       
0.6480000       0.7924583       0.7958188       
0.6560000       0.7931737       0.7970597       
0.6640000       0.7943288       0.7998633       
0.6720000       0.7947294       0.8037985       
0.6800000       0.7997746       0.8083190       
0.6880000       0.8075384       0.8128383       
0.6960000       0.8128531       0.8168044       
0.7040000       0.8180748       0.8197655       
0.7120000       0.8214870       0.8214196       
0.7200000       0.8243706       0.8216419       
0.7280000       0.8297365       0.8204897       
0.7360000       0.8282400       0.8181841       
0.7440000       0.8185226       0.8150735       
0.7520000       0.8225758       0.8115834       
0.7600000       0.8194373       0.8081602       
0.7680000       0.8108464       0.8052150       
0.7760000       0.8088781       0.8030756       
0.7840000       0.8009173       0.8019511       
0.7920000       0.7974381       0.8019132       
0.8000000       0.7991521       0.8028960       
0.8080000       0.8000969       0.8047124       
0.8160000       0.7972364       0.8070852       
0.8240000       0.8023128       0.8096869       
0.8320000       0.8062734       0.8121841       
0.8400000       0.8100263       0.8142785       
0.8480000       0.8105022       0.8157417       
0.8560000       0.8214756       0.8164387       
0.8640000       0.8197258       0.8163378       
0.8720000       0.8211755       0.8155079       
0.8800000       0.8220303       0.8141030       
0.8880000       0.8196521       0.8123373       
0.8960000       0.8182106       0.8104547       
0.9040000       0.8157280       0.8086968       
0.9120000       0.8098576       0.8072731       
0.9200000       0.8097461       0.8063373       
0.9280000       0.8032641       0.8059727       
0.9360000       0.8039491       0.8061870       
0.9440000       0.8030018       0.8069169       
0.9520000       0.8031276       0.8080413       
0.9600000       0.8020647       0.8094001       
0.9680000       0.7997053       0.8108168       
0.9760000       0.8102711       0.8121202       
0.9840000       0.8076747       0.8131646       
0.9920000       0.8123012       0.8138452       
1.0000000       0.8121209       0.8141071       
1.0080000       0.8188371       0.8139488       
1.0160000       0.8186934       0.8134179       
1.0240000       0.8138395       0.8126031       
1.0320000       0.8138702       0.8116198       
1.0400000       0.8162087       0.8105952       
1.0480000       0.8171052       0.8096518       
1.0560000       0.8126430       0.8088928       
1.0640000       0.8116860       0.8083914       
1.0720000       0.8067251       0.8081839       
1.0800000       0.8071263       0.8082684       
1.0880000       0.8038875       0.8086085       
1.0960000       0.8071014       0.8091407       
1.1040000       0.8042520       0.8097842       
1.1120000       0.8045449       0.8104525       
1.1200000       0.8059635       0.8110638       
1.1280000       0.8051638       0.8115501       
1.1360000       0.8107850       0.8118641       
1.1440000       0.8092818       0.8119820       
1.1520000       0.8134777       0.8119050       
1.1600000       0.8158613       0.8116564       
1.1680000       0.8129450       0.8112773       
1.1760000       0.8164954       0.8108203       
1.1840000       0.8123925       0.8103430       
1.1920000       0.8160455       0.8099005       
1.2000000       0.8114804       0.8095398       
1.2080000       0.8124941       0.8092950       
1.2160000       0.8121407       0.8091841       
1.2240000       0.8106382       0.8092086       
1.2320000       0.8080152       0.8093546       
1.2400000       0.8075541       0.8095951       
1.2480000       0.8046429       0.8098948       
1.2560000       0.8044970       0.8102143       
1.2640000       0.8047647       0.8105154       
1.2720000       0.8083206       0.8107658       
1.2800000       0.8085363       0.8109423       
1.2880000       0.8111450       0.8110327       
1.2960000       0.8097932       0.8110367       
1.3040000       0.8129561       0.8109644       
1.3120000       0.8110830       0.8108336       
1.3200000       0.8137266       0.8106669       
1.3280000       0.8122741       0.8104878       
1.3360000       0.8113784       0.8103181       
1.3440000       0.8154305       0.8101754       
1.3520000       0.8131434       0.8100718       
1.3600000       0.8094598       0.8100139       
1.3680000       0.8131831       0.8100026       
1.3760000       0.8094896       0.8100342       
1.3840000       0.8073753       0.8101018       
1.3920000       0.8077375       0.8101953       
1.4000000       0.8089239       0.8103037       
1.4080000       0.8084895       0.8104151       
1.4160000       0.8086963       0.8105184       
1.4240000       0.8120719       0.8106040       
1.4320000       0.8098049       0.8106643       
1.4400000       0.8096100       0.8106943       
1.4480000       0.8100134       0.8106923       
1.4560000       0.8141398       0.8106587       
1.4640000       0.8125272       0.8105970       
1.4720000       0.8118360       0.8105123       
1.4800000       0.8134601       0.8104117       
1.4880000       0.8128021       0.8103033       
1.4960000       0.8107927       0.8101962       
1.5040000       0.8115545       0.8100998       
1.5120000       0.8114506       0.8100229       
1.5200000       0.8110210       0.8099735       
1.5280000       0.8082194       0.8099572       
1.5360000       0.8080250       0.8099770       
1.5440000       0.8086537       0.8100318       
1.5520000       0.8080530       0.8101169       
1.5600000       0.8061517       0.8102240       
1.5680000       0.8103758       0.8103418       
1.5760000       0.8086993       0.8104578       
1.5840000       0.8076793       0.8105597       
1.5920000       0.8091115       0.8106368       
1.6000000       0.8104289       0.8106819       
1.6080000       0.8124086       0.8106914       
1.6160000       0.8108266       0.8106658       
1.6240000       0.8130389       0.8106090       
1.6320000       0.8148592       0.8105276       
1.6400000       0.8119106       0.8104298       
1.6480000       0.8133563       0.8103245       
1.6560000       0.8126529       0.8102203       
1.6640000       0.8152753       0.8101259       
1.6720000       0.8129366       0.8100493       
1.6800000       0.8136339       0.8099978       
1.6880000       0.8138355       0.8099777       
1.6960000       0.8079673       0.8099935       
1.7040000       0.8104706       0.8100469       
1.7120000       0.8091826       0.8101357       
1.7200000       0.8103635       0.8102534       
1.7280000       0.8097771       0.8103895       
1.7360000       0.8083843       0.8105303       
1.7440000       0.8069357       0.8106609       
1.7520000       0.8088044       0.8107675       
1.7600000       0.8118925       0.8108394       
1.7680000       0.8109621       0.8108709       
1.7760000       0.8144071       0.8108613       
1.7840000       0.8131043       0.8108154       
1.7920000       0.8135786       0.8107415       
