0.0000000       1.0000000       1.0000000       
0.0080000       0.9759317       0.9821149       
0.0160000       0.9261822       0.9335842       
0.0240000       0.8617941       0.8679902       
0.0320000       0.8040001       0.8026911       
0.0400000       0.7524888       0.7530472       
0.0480000       0.7337928       0.7277157       
0.0560000       0.7322969       0.7266693       
0.0640000       0.7464863       0.7424545       
0.0720000       0.7664291       0.7639219       
0.0800000       0.7759761       0.7807752       
0.0880000       0.7838541       0.7871214       
0.0960000       0.7789079       0.7827915       
0.1040000       0.7748685       0.7722265       
0.1120000       0.7611698       0.7617226       
0.1200000       0.7564385       0.7563991       
0.1280000       0.7630022       0.7581789       
0.1360000       0.7678357       0.7654734       
0.1440000       0.7764443       0.7744438       
0.1520000       0.7801409       0.7810506       
0.1600000       0.7829744       0.7828757       
0.1680000       0.7776549       0.7799454       
0.1760000       0.7706938       0.7743346       
0.1840000       0.7664593       0.7689123       
0.1920000       0.7654142       0.7659219       
0.2000000       0.7676195       0.7660685       
0.2080000       0.7724935       0.7684576       
0.2160000       0.7757792       0.7712888       
0.2240000       0.7750192       0.7728720       
0.2320000       0.7781322       0.7724403       
0.2400000       0.7780647       0.7704038       
0.2480000       0.7713993       0.7679972       
0.2560000       0.7744725       0.7665705       
0.2640000       0.7708766       0.7669079       
0.2720000       0.7700747       0.7688972       
0.2800000       0.7745863       0.7716659       
0.2880000       0.7723541       0.7740614       
0.2960000       0.7743857       0.7752048       
0.3040000       0.7748043       0.7748498       
0.3120000       0.7708966       0.7734002       
0.3200000       0.7714504       0.7716269       
0.3280000       0.7688274       0.7702580       
0.3360000       0.7697536       0.7696554       
0.3440000       0.7714088       0.7697192       
0.3520000       0.7726359       0.7700342       
0.3600000       0.7729484       0.7701493       
0.3680000       0.7739879       0.7698358       
0.3760000       0.7702234       0.7691944       
0.3840000       0.7709167       0.7685768       
0.3920000       0.7703322       0.7683804       
0.4000000       0.7724145       0.7688314       
0.4080000       0.7707203       0.7698660       
0.4160000       0.7734846       0.7711589       
0.4240000       0.7685599       0.7722741       
0.4320000       0.7731755       0.7728560       
0.4400000       0.7736796       0.7727705       
0.4480000       0.7706736       0.7721359       
0.4560000       0.7698052       0.7712457       
0.4640000       0.7718003       0.7704272       
0.4720000       0.7707845       0.7699095       
0.4800000       0.7658660       0.7697532       
0.4880000       0.7756772       0.7698641       
0.4960000       0.7707736       0.7700693       
0.5040000       0.7729293       0.7702119       
0.5120000       0.7697935       0.7702207       
0.5200000       0.7710640       0.7701281       
0.5280000       0.7725222       0.7700390       
0.5360000       0.7720628       0.7700717       
0.5440000       0.7686722       0.7703009       
0.5520000       0.7692363       0.7707253       
0.5600000       0.7691101       0.7712679       
0.5680000       0.7728502       0.7718042       
0.5760000       0.7712282       0.7722031       
0.5840000       0.7694882       0.7723662       
0.5920000       0.7722391       0.7722552       
0.6000000       0.7706041       0.7719006       
0.6080000       0.7714709       0.7713929       
0.6160000       0.7688428       0.7708579       
0.6240000       0.7720508       0.7704228       
0.6320000       0.7705738       0.7701809       
0.6400000       0.7701901       0.7701656       
0.6480000       0.7721091       0.7703424       
0.6560000       0.7727297       0.7706232       
0.6640000       0.7685068       0.7709001       
0.6720000       0.7694152       0.7710865       
0.6800000       0.7699856       0.7711487       
0.6880000       0.7696458       0.7711159       
0.6960000       0.7717254       0.7710616       
0.7040000       0.7711881       0.7710660       
0.7120000       0.7694068       0.7711740       
0.7200000       0.7699824       0.7713700       
0.7280000       0.7699474       0.7715810       
0.7360000       0.7675936       0.7717068       
0.7440000       0.7701449       0.7716653       
0.7520000       0.7715699       0.7714308       
0.7600000       0.7725871       0.7710481       
0.7680000       0.7692959       0.7706165       
0.7760000       0.7715254       0.7702505       
0.7840000       0.7712147       0.7700355       
0.7920000       0.7677080       0.7699990       
0.8000000       0.7658435       0.7701074       
0.8080000       0.7698605       0.7702884       
0.8160000       0.7694236       0.7704654       
0.8240000       0.7686470       0.7705883       
0.8320000       0.7731752       0.7706448       
0.8400000       0.7703362       0.7706530       
0.8480000       0.7675975       0.7706400       
0.8560000       0.7696658       0.7706224       
0.8640000       0.7693649       0.7705989       
0.8720000       0.7731308       0.7705573       
0.8800000       0.7687685       0.7704912       
0.8880000       0.7704138       0.7704128       
0.8960000       0.7665767       0.7703536       
0.9040000       0.7725883       0.7703501       
0.9120000       0.7713210       0.7704215       
0.9200000       0.7693644       0.7705528       
0.9280000       0.7712131       0.7706952       
0.9360000       0.7666082       0.7707840       
0.9440000       0.7691747       0.7707702       
0.9520000       0.7684583       0.7706475       
0.9600000       0.7718014       0.7704619       
0.9680000       0.7729217       0.7702965       
0.9760000       0.7715241       0.7702363       
0.9840000       0.7704666       0.7703288       
0.9920000       0.7708930       0.7705588       
1.0000000       0.7696758       0.7708504       
1.0080000       0.7714482       0.7710961       
1.0160000       0.7750037       0.7712019       
1.0240000       0.7673872       0.7711281       
1.0320000       0.7736853       0.7709072       
1.0400000       0.7718354       0.7706309       
1.0480000       0.7689847       0.7704115       
1.0560000       0.7714816       0.7703352       
1.0640000       0.7690156       0.7704261       
1.0720000       0.7710703       0.7706388       
1.0800000       0.7700085       0.7708797       
1.0880000       0.7715379       0.7710491       
1.0960000       0.7705543       0.7710846       
1.1040000       0.7726125       0.7709867       
1.1120000       0.7677110       0.7708167       
1.1200000       0.7710084       0.7706678       
1.1280000       0.7705427       0.7706239       
1.1360000       0.7686856       0.7707224       
1.1440000       0.7715354       0.7709391       
1.1520000       0.7716126       0.7711986       
1.1600000       0.7698433       0.7714073       
1.1680000       0.7746659       0.7714920       
1.1760000       0.7716577       0.7714305       
1.1840000       0.7723814       0.7712578       
1.1920000       0.7713121       0.7710505       
1.2000000       0.7696047       0.7708921       
1.2080000       0.7737730       0.7708384       
1.2160000       0.7710638       0.7708949       
1.2240000       0.7714790       0.7710166       
1.2320000       0.7707861       0.7711300       
1.2400000       0.7695417       0.7711669       
1.2480000       0.7738815       0.7710962       
1.2560000       0.7733751       0.7709398       
1.2640000       0.7734346       0.7707656       
1.2720000       0.7679844       0.7706596       
1.2800000       0.7702391       0.7706895       
1.2880000       0.7724687       0.7708732       
1.2960000       0.7756188       0.7711670       
1.3040000       0.7704081       0.7714772       
1.3120000       0.7691354       0.7716936       
1.3200000       0.7736520       0.7717296       
1.3280000       0.7682241       0.7715558       
1.3360000       0.7705764       0.7712124       
1.3440000       0.7687682       0.7707953       
1.3520000       0.7715707       0.7704224       
1.3600000       0.7714854       0.7701926       
1.3680000       0.7704081       0.7701529       
1.3760000       0.7738825       0.7702870       
1.3840000       0.7697935       0.7705282       
1.3920000       0.7743419       0.7707891       
1.4000000       0.7700504       0.7709960       
1.4080000       0.7695853       0.7711122       
1.4160000       0.7714245       0.7711430       
1.4240000       0.7708313       0.7711205       
1.4320000       0.7727465       0.7710803       
1.4400000       0.7697691       0.7710402       
1.4480000       0.7699455       0.7709932       
1.4560000       0.7739539       0.7709178       
1.4640000       0.7705776       0.7707975       
1.4720000       0.7736592       0.7706403       
1.4800000       0.7709713       0.7704837       
1.4880000       0.7715840       0.7703834       
1.4960000       0.7687067       0.7703869       
1.5040000       0.7724313       0.7705083       
1.5120000       0.7726677       0.7707147       
1.5200000       0.7721287       0.7709349       
1.5280000       0.7688892       0.7710875       
1.5360000       0.7724773       0.7711165       
1.5440000       0.7657107       0.7710173       
1.5520000       0.7696045       0.7708409       
1.5600000       0.7702545       0.7706708       
1.5680000       0.7712596       0.7705848       
1.5760000       0.7698476       0.7706170       
1.5840000       0.7713853       0.7707396       
1.5920000       0.7720015       0.7708732       
1.6000000       0.7668188       0.7709232       
1.6080000       0.7724630       0.7708244       
1.6160000       0.7722388       0.7705754       
1.6240000       0.7729516       0.7702441       
1.6320000       0.7714374       0.7699424       
1.6400000       0.7711997       0.7697793       
1.6480000       0.7732418       0.7698141       
1.6560000       0.7750286       0.7700298       
1.6640000       0.7694310       0.7703397       
1.6720000       0.7727157       0.7706242       
1.6800000       0.7720122       0.7707819       
1.6880000       0.7714889       0.7707729       
1.6960000       0.7725196       0.7706353       
1.7040000       0.7715755       0.7704685       
1.7120000       0.7690272       0.7703895       
1.7200000       0.7701945       0.7704826       
1.7280000       0.7699303       0.7707620       
1.7360000       0.7718112       0.7711634       
1.7440000       0.7700481       0.7715672       
1.7520000       0.7720834       0.7718432       
1.7600000       0.7663731       0.7718976       
1.7680000       0.7738614       0.7717065       
1.7760000       0.7668737       0.7713221       
1.7840000       0.7708233       0.7708524       
1.7920000       0.7678509       0.7704239       
