0.0000000       1.0000000       1.0000000       
0.0080000       0.9633994       0.9736555       
0.0160000       0.8769080       0.9026979       
0.0240000       0.7721672       0.8084321       
0.0320000       0.6880414       0.7177812       
0.0400000       0.6368203       0.6539728       
0.0480000       0.6306899       0.6290941       
0.0560000       0.6642169       0.6412059       
0.0640000       0.7129811       0.6767810       
0.0720000       0.7596486       0.7170931       
0.0800000       0.7553481       0.7457350       
0.0880000       0.7579565       0.7542489       
0.0960000       0.7378821       0.7438977       
0.1040000       0.7065337       0.7233702       
0.1120000       0.6868031       0.7038868       
0.1200000       0.6859146       0.6940648       
0.1280000       0.6956660       0.6967036       
0.1360000       0.7143446       0.7085621       
0.1440000       0.7289270       0.7227840       
0.1520000       0.7383742       0.7325310       
0.1600000       0.7371401       0.7340539       
0.1680000       0.7249617       0.7279214       
0.1760000       0.7116827       0.7181178       
0.1840000       0.6971967       0.7097192       
0.1920000       0.6972933       0.7064002       
0.2000000       0.7031369       0.7089356       
0.2080000       0.7141518       0.7152497       
0.2160000       0.7211499       0.7217810       
0.2240000       0.7251757       0.7253549       
0.2320000       0.7273647       0.7246259       
0.2400000       0.7200635       0.7204724       
0.2480000       0.7163610       0.7152979       
0.2560000       0.7105784       0.7117053       
0.2640000       0.7128324       0.7112479       
0.2720000       0.7156440       0.7138311       
0.2800000       0.7176933       0.7179621       
0.2880000       0.7174345       0.7216204       
0.2960000       0.7220837       0.7232608       
0.3040000       0.7192660       0.7224613       
0.3120000       0.7105641       0.7199609       
0.3200000       0.7092764       0.7171500       
0.3280000       0.7058252       0.7153289       
0.3360000       0.7104050       0.7151135       
0.3440000       0.7139568       0.7162480       
0.3520000       0.7153527       0.7178580       
0.3600000       0.7210328       0.7189630       
0.3680000       0.7228444       0.7189699       
0.3760000       0.7165059       0.7179156       
0.3840000       0.7158739       0.7163772       
0.3920000       0.7131106       0.7151350       
0.4000000       0.7144265       0.7147799       
0.4080000       0.7151657       0.7154558       
0.4160000       0.7163758       0.7168400       
0.4240000       0.7152862       0.7183386       
0.4320000       0.7136465       0.7193776       
0.4400000       0.7174820       0.7196457       
0.4480000       0.7145307       0.7191853       
0.4560000       0.7120547       0.7183160       
0.4640000       0.7146830       0.7174509       
0.4720000       0.7130664       0.7169058       
0.4800000       0.7139703       0.7167865       
0.4880000       0.7187804       0.7169903       
0.4960000       0.7172315       0.7172981       
0.5040000       0.7218242       0.7174997       
0.5120000       0.7201262       0.7174896       
0.5200000       0.7177923       0.7172955       
0.5280000       0.7156443       0.7170407       
0.5360000       0.7152596       0.7168705       
0.5440000       0.7144513       0.7168808       
0.5520000       0.7151401       0.7170810       
0.5600000       0.7172570       0.7173999       
0.5680000       0.7236523       0.7177236       
0.5760000       0.7205851       0.7179452       
0.5840000       0.7177254       0.7180032       
0.5920000       0.7183212       0.7178981       
0.6000000       0.7159475       0.7176844       
0.6080000       0.7161254       0.7174452       
0.6160000       0.7140327       0.7172609       
0.6240000       0.7167852       0.7171818       
0.6320000       0.7195284       0.7172121       
0.6400000       0.7174946       0.7173122       
0.6480000       0.7140196       0.7174150       
0.6560000       0.7184558       0.7174553       
0.6640000       0.7167968       0.7173985       
0.6720000       0.7155434       0.7172600       
0.6800000       0.7174364       0.7171032       
0.6880000       0.7160024       0.7170159       
0.6960000       0.7191907       0.7170713       
0.7040000       0.7170793       0.7172894       
0.7120000       0.7184424       0.7176176       
0.7200000       0.7200595       0.7179418       
0.7280000       0.7144423       0.7181265       
0.7360000       0.7181935       0.7180701       
0.7440000       0.7170710       0.7177508       
0.7520000       0.7185419       0.7172422       
0.7600000       0.7168291       0.7166899       
0.7680000       0.7180269       0.7162568       
0.7760000       0.7177404       0.7160604       
0.7840000       0.7212633       0.7161298       
0.7920000       0.7179977       0.7163995       
0.8000000       0.7169055       0.7167441       
0.8080000       0.7170015       0.7170346       
0.8160000       0.7169152       0.7171921       
0.8240000       0.7154733       0.7172135       
0.8320000       0.7148534       0.7171608       
0.8400000       0.7154462       0.7171201       
0.8480000       0.7215717       0.7171543       
0.8560000       0.7179930       0.7172709       
0.8640000       0.7183841       0.7174214       
0.8720000       0.7154320       0.7175292       
0.8800000       0.7192235       0.7175316       
0.8880000       0.7177887       0.7174127       
0.8960000       0.7172796       0.7172125       
0.9040000       0.7181757       0.7170081       
0.9120000       0.7204071       0.7168772       
0.9200000       0.7178419       0.7168635       
0.9280000       0.7147441       0.7169592       
0.9360000       0.7186391       0.7171116       
0.9440000       0.7201384       0.7172505       
0.9520000       0.7150025       0.7173198       
0.9600000       0.7136023       0.7173010       
0.9680000       0.7184155       0.7172172       
0.9760000       0.7171941       0.7171189       
0.9840000       0.7200934       0.7170598       
0.9920000       0.7195414       0.7170734       
1.0000000       0.7203531       0.7171620       
1.0080000       0.7188326       0.7172982       
1.0160000       0.7176776       0.7174396       
1.0240000       0.7214198       0.7175461       
1.0320000       0.7160221       0.7175945       
1.0400000       0.7175650       0.7175838       
1.0480000       0.7189647       0.7175323       
1.0560000       0.7172162       0.7174683       
1.0640000       0.7191019       0.7174192       
1.0720000       0.7159906       0.7174030       
1.0800000       0.7139838       0.7174250       
1.0880000       0.7163021       0.7174789       
1.0960000       0.7204660       0.7175512       
1.1040000       0.7164550       0.7176257       
1.1120000       0.7156796       0.7176870       
1.1200000       0.7180215       0.7177216       
1.1280000       0.7178602       0.7177193       
1.1360000       0.7163801       0.7176742       
1.1440000       0.7180671       0.7175881       
1.1520000       0.7187611       0.7174744       
1.1600000       0.7176628       0.7173600       
1.1680000       0.7196513       0.7172823       
1.1760000       0.7186868       0.7172795       
1.1840000       0.7151868       0.7173765       
1.1920000       0.7167478       0.7175709       
1.2000000       0.7183149       0.7178276       
1.2080000       0.7176611       0.7180845       
1.2160000       0.7173013       0.7182719       
1.2240000       0.7160410       0.7183376       
1.2320000       0.7159286       0.7182675       
1.2400000       0.7196779       0.7180932       
1.2480000       0.7148574       0.7178802       
1.2560000       0.7205833       0.7177026       
1.2640000       0.7200232       0.7176140       
1.2720000       0.7174828       0.7176282       
1.2800000       0.7196855       0.7177173       
1.2880000       0.7226155       0.7178286       
1.2960000       0.7179687       0.7179099       
1.3040000       0.7176868       0.7179317       
1.3120000       0.7163425       0.7178964       
1.3200000       0.7143929       0.7178297       
1.3280000       0.7196338       0.7177638       
1.3360000       0.7151809       0.7177197       
1.3440000       0.7164912       0.7177010       
1.3520000       0.7167717       0.7176998       
1.3600000       0.7228058       0.7177096       
1.3680000       0.7182272       0.7177350       
1.3760000       0.7202060       0.7177902       
1.3840000       0.7199631       0.7178851       
1.3920000       0.7178351       0.7180078       
1.4000000       0.7173882       0.7181157       
1.4080000       0.7136582       0.7181447       
1.4160000       0.7161801       0.7180360       
1.4240000       0.7176750       0.7177705       
1.4320000       0.7197802       0.7173908       
1.4400000       0.7167272       0.7169985       
1.4480000       0.7176161       0.7167201       
1.4560000       0.7200519       0.7166568       
1.4640000       0.7184159       0.7168369       
1.4720000       0.7206383       0.7171963       
1.4800000       0.7181389       0.7175988       
1.4880000       0.7154130       0.7178896       
1.4960000       0.7178828       0.7179605       
1.5040000       0.7175481       0.7177962       
1.5120000       0.7173923       0.7174820       
1.5200000       0.7175406       0.7171659       
1.5280000       0.7193921       0.7169929       
1.5360000       0.7145428       0.7170415       
1.5440000       0.7163425       0.7172907       
1.5520000       0.7114974       0.7176321       
1.5600000       0.7152937       0.7179225       
1.5680000       0.7131288       0.7180496       
1.5760000       0.7173714       0.7179814       
1.5840000       0.7173557       0.7177754       
1.5920000       0.7169969       0.7175452       
1.6000000       0.7138441       0.7174019       
1.6080000       0.7210203       0.7173991       
1.6160000       0.7191943       0.7175087       
1.6240000       0.7185106       0.7176388       
1.6320000       0.7204092       0.7176831       
1.6400000       0.7149393       0.7175786       
1.6480000       0.7159459       0.7173410       
1.6560000       0.7170827       0.7170624       
1.6640000       0.7137047       0.7168707       
1.6720000       0.7144857       0.7168706       
1.6800000       0.7166618       0.7170944       
1.6880000       0.7207353       0.7174832       
1.6960000       0.7192527       0.7179077       
1.7040000       0.7209872       0.7182193       
1.7120000       0.7138428       0.7183071       
1.7200000       0.7175807       0.7181390       
1.7280000       0.7190211       0.7177706       
1.7360000       0.7188181       0.7173214       
1.7440000       0.7184107       0.7169301       
1.7520000       0.7192869       0.7167076       
1.7600000       0.7154393       0.7167041       
1.7680000       0.7133682       0.7169006       
1.7760000       0.7125905       0.7172223       
1.7840000       0.7095852       0.7175675       
1.7920000       0.7093998       0.7178404       
