9.3719       0.0000       
9.3729       0.0000       
9.3739       0.0000       
9.3749       0.0000       
9.3759       0.0000       
9.3769       0.0000       
9.3779       0.0000       
9.3789       0.0000       
9.3799       0.0000       
9.3809       0.0000       
9.3819       0.0000       
9.3829       0.0000       
9.3839       0.0000       
9.3849       0.0000       
9.3859       0.0000       
9.3869       0.0000       
9.3879       0.0000       
9.3889       0.0000       
9.3899       0.0000       
9.3909       0.0000       
9.3919       0.0000       
9.3929       0.0000       
9.3939       0.0000       
9.3949       0.0000       
9.3959       0.0000       
9.3969       0.0000       
9.3979       0.0000       
9.3989       0.0000       
9.3999       0.0000       
9.4009       0.0000       
9.4019       0.0000       
9.4029       0.0000       
9.4039       0.0000       
9.4049       0.0000       
9.4059       0.0000       
9.4069       0.0000       
9.4079       0.0000       
9.4089       0.0000       
9.4099       0.0000       
9.4109       0.0000       
9.4119       0.0000       
9.4129       0.0000       
9.4139       0.0000       
9.4149       0.0000       
9.4159       0.0000       
9.4169       0.0000       
9.4179       0.0000       
9.4189       0.0000       
9.4199       0.0000       
9.4209       0.0000       
9.4219       0.0000       
9.4229       0.0000       
9.4239       0.0000       
9.4249       0.0000       
9.4259       0.0000       
9.4269       0.0000       
9.4279       0.0000       
9.4289       0.0000       
9.4299       0.0000       
9.4309       0.0000       
9.4319       0.0000       
9.4329       0.0000       
9.4339       0.0000       
9.4349       0.0000       
9.4359       0.0000       
9.4369       0.0000       
9.4379       0.0000       
9.4389       0.0000       
9.4399       0.0000       
9.4409       0.0000       
9.4419       0.0000       
9.4429       0.0000       
9.4439       0.0000       
9.4449       0.0000       
9.4459       0.0000       
9.4469       0.0000       
9.4479       0.0000       
9.4489       0.0000       
9.4499       0.0000       
9.4509       0.0000       
9.4519       0.0000       
9.4529       0.0000       
9.4539       0.0000       
9.4549       0.0000       
9.4559       0.0000       
9.4569       0.0000       
9.4579       0.0000       
9.4589       0.0000       
9.4599       0.0000       
9.4609       0.0000       
9.4619       0.0000       
9.4629       0.0000       
9.4639       0.0000       
9.4649       0.0000       
9.4659       0.0000       
9.4669       0.0000       
9.4679       0.0000       
9.4689       0.0000       
9.4699       0.0000       
9.4709       0.0000       
9.4719       0.3333       
9.4729       0.0000       
9.4739       0.0000       
9.4749       0.0000       
9.4759       0.0000       
9.4769       0.0000       
9.4779       0.0000       
9.4789       0.0000       
9.4799       0.3333       
9.4809       0.6667       
9.4819       0.3333       
9.4829       0.3333       
9.4839       0.0000       
9.4849       1.6667       
9.4859       1.0000       
9.4869       1.6667       
9.4879       1.6667       
9.4889       1.0000       
9.4899       3.6667       
9.4909       2.6667       
9.4919       3.3333       
9.4929       3.0000       
9.4939       6.6667       
9.4949       7.0000       
9.4959       7.0000       
9.4969       12.6667      
9.4979       9.3333       
9.4989       13.0000      
9.4999       17.2500      
9.5009       14.6667      
9.5019       14.6667      
9.5029       23.0000      
9.5039       31.3333      
9.5049       29.0000      
9.5059       43.3333      
9.5069       43.3333      
9.5079       37.0000      
9.5089       53.0000      
9.5099       76.6667      
9.5109       74.3333      
9.5119       85.0000      
9.5129       97.3333      
9.5139       114.6667     
9.5149       126.6667     
9.5159       128.6667     
9.5169       145.0000     
9.5179       160.0000     
9.5189       176.6667     
9.5199       197.6667     
9.5209       238.6667     
9.5219       245.6667     
9.5229       246.6667     
9.5239       297.0000     
9.5249       326.6667     
9.5259       380.2500     
9.5269       395.0000     
9.5279       431.9167     
9.5289       471.3333     
9.5299       530.0000     
9.5309       538.3333     
9.5319       580.3333     
9.5329       645.5833     
9.5339       697.1667     
9.5349       723.3333     
9.5359       763.6667     
9.5369       821.0000     
9.5379       877.3333     
9.5389       924.0000     
9.5399       986.9167     
9.5409       1033.5000    
9.5419       1053.6667    
9.5429       1128.0000    
9.5439       1229.9167    
9.5449       1214.3333    
9.5459       1290.6667    
9.5469       1372.9167    
9.5479       1385.6667    
9.5489       1483.5000    
9.5499       1468.3333    
9.5509       1537.3333    
9.5519       1591.8333    
9.5529       1642.2500    
9.5539       1710.2500    
9.5549       1755.9167    
9.5559       1799.0000    
9.5569       1869.7500    
9.5579       1828.5833    
9.5589       1907.5000    
9.5599       1948.1667    
9.5609       1980.7500    
9.5619       2026.5833    
9.5629       2070.7500    
9.5639       2114.7500    
9.5649       2132.0833    
9.5659       2151.1667    
9.5669       2251.9167    
9.5679       2199.5000    
9.5689       2235.2500    
9.5699       2279.6667    
9.5709       2318.8333    
9.5719       2306.5000    
9.5729       2327.8333    
9.5739       2340.5833    
9.5749       2401.0833    
9.5759       2336.5000    
9.5769       2438.2500    
9.5779       2401.5000    
9.5789       2398.0000    
9.5799       2474.9167    
9.5809       2485.8333    
9.5819       2478.2500    
9.5829       2479.6667    
9.5839       2432.5833    
9.5849       2532.1667    
9.5859       2536.9167    
9.5869       2560.4167    
9.5879       2509.9167    
9.5889       2545.6667    
9.5899       2616.6667    
9.5909       2618.0833    
9.5919       2604.7500    
9.5929       2635.5000    
9.5939       2626.7500    
9.5949       2608.8333    
9.5959       2636.0833    
9.5969       2704.2500    
9.5979       2740.0000    
9.5989       2711.0000    
9.5999       2737.3333    
9.6009       2756.1667    
9.6019       2751.1667    
9.6029       2815.1667    
9.6039       2888.0833    
9.6049       2894.5000    
9.6059       2958.0833    
9.6069       2879.5000    
9.6079       2993.9167    
9.6089       2981.4167    
9.6099       3007.0833    
9.6109       3069.8333    
9.6119       3133.9167    
9.6129       3188.3333    
9.6139       3313.6667    
9.6149       3332.5833    
9.6159       3329.6667    
9.6169       3473.5833    
9.6179       3523.7500    
9.6189       3640.5000    
9.6199       3778.9167    
9.6209       3840.6667    
9.6219       3859.7500    
9.6229       4008.4167    
9.6239       4129.8333    
9.6249       4312.0000    
9.6259       4357.7500    
9.6269       4523.8333    
9.6279       4676.0000    
9.6289       4838.1667    
9.6299       4968.5833    
9.6309       5170.2500    
9.6319       5329.5833    
9.6329       5579.0000    
9.6339       5655.1667    
9.6349       5828.8333    
9.6359       5937.6667    
9.6369       6208.3333    
9.6379       6405.8333    
9.6389       6553.5833    
9.6399       6808.5000    
9.6409       6951.2500    
9.6419       7143.3333    
9.6429       7407.6667    
9.6439       7547.2500    
9.6449       7628.5000    
9.6459       7853.6667    
9.6469       7991.4167    
9.6479       8219.5833    
9.6489       8206.5000    
9.6499       8448.9167    
9.6509       8543.3333    
9.6519       8695.6667    
9.6529       8844.6667    
9.6539       8802.7500    
9.6549       8869.5000    
9.6559       9005.6667    
9.6569       9027.3333    
9.6579       9123.2500    
9.6589       9034.3333    
9.6599       9120.7500    
9.6609       9010.7500    
9.6619       9093.0833    
9.6629       9068.5000    
9.6639       9029.0833    
9.6649       8879.2500    
9.6659       8882.0000    
9.6669       8649.5000    
9.6679       8643.4167    
9.6689       8616.7500    
9.6699       8473.0000    
9.6709       8391.3333    
9.6719       8273.5000    
9.6729       8044.5833    
9.6739       7943.6667    
9.6749       7786.4167    
9.6759       7580.6667    
9.6769       7440.4167    
9.6779       7354.0833    
9.6789       7212.8333    
9.6799       7116.8333    
9.6809       6979.1667    
9.6819       6922.5000    
9.6829       6712.8333    
9.6839       6580.3333    
9.6849       6472.5000    
9.6859       6368.0000    
9.6869       6214.5000    
9.6879       6079.3333    
9.6889       6062.5000    
9.6899       5944.5833    
9.6909       5893.0000    
9.6919       5803.4167    
9.6929       5698.3333    
9.6939       5553.5833    
9.6949       5564.3333    
9.6959       5518.0833    
9.6969       5500.5000    
9.6979       5473.0833    
9.6989       5459.3333    
9.6999       5336.5833    
9.7009       5315.0833    
9.7019       5288.1667    
9.7029       5259.6667    
9.7039       5269.3333    
9.7049       5219.7500    
9.7059       5169.5833    
9.7069       5196.4167    
9.7079       5193.8333    
9.7089       5206.4167    
9.7099       5178.6667    
9.7109       5168.0833    
9.7119       5206.2500    
9.7129       5208.2500    
9.7139       5120.5000    
9.7149       5220.4167    
9.7159       5148.0000    
9.7169       5233.2500    
9.7179       5133.8333    
9.7189       5155.3333    
9.7199       5165.9167    
9.7209       5174.5833    
9.7219       5212.9167    
9.7229       5117.8333    
9.7239       5013.9167    
9.7249       5043.7500    
9.7259       4988.5833    
9.7269       5016.5833    
9.7279       4854.1667    
9.7289       4876.6667    
9.7299       4780.6667    
9.7309       4673.5000    
9.7319       4628.6667    
9.7329       4614.0000    
9.7339       4561.0833    
9.7349       4457.0000    
9.7359       4374.5000    
9.7369       4292.0000    
9.7379       4136.2500    
9.7389       4034.1667    
9.7399       3985.4167    
9.7409       3926.9167    
9.7419       3798.7500    
9.7429       3656.0000    
9.7439       3515.1667    
9.7449       3465.3333    
9.7459       3361.2500    
9.7469       3203.2500    
9.7479       3090.3333    
9.7489       2926.6667    
9.7499       2832.0000    
9.7509       2701.6667    
9.7519       2586.7500    
9.7529       2500.3333    
9.7539       2368.9167    
9.7549       2261.3333    
9.7559       2169.6667    
9.7569       2076.2500    
9.7579       1988.5833    
9.7589       1853.8333    
9.7599       1799.1667    
9.7609       1657.8333    
9.7619       1606.5833    
9.7629       1586.7500    
9.7639       1455.3333    
9.7649       1374.6667    
9.7659       1329.5000    
9.7669       1245.5000    
9.7679       1216.7500    
9.7689       1186.9167    
9.7699       1110.6667    
9.7709       1091.8333    
9.7719       1049.9167    
9.7729       1019.4167    
9.7739       993.6667     
9.7749       947.2500     
9.7759       930.1667     
9.7769       899.6667     
9.7779       877.5000     
9.7789       892.6667     
9.7799       879.5833     
9.7809       850.5000     
9.7819       865.3333     
9.7829       844.1667     
9.7839       836.3333     
9.7849       825.6667     
9.7859       847.2500     
9.7869       832.4167     
9.7879       855.0000     
9.7889       847.8333     
9.7899       853.5833     
9.7909       857.8333     
9.7919       858.0833     
9.7929       848.4167     
9.7939       865.8333     
9.7949       866.9167     
9.7959       890.7500     
9.7969       853.8333     
9.7979       885.0000     
9.7989       903.0833     
9.7999       929.9167     
9.8009       906.5000     
9.8019       926.0000     
9.8029       944.4167     
9.8039       924.3333     
9.8049       973.2500     
9.8059       959.5000     
9.8069       990.7500     
9.8079       988.4167     
9.8089       981.6667     
9.8099       1008.8333    
9.8109       1017.8333    
9.8119       1037.5833    
9.8129       1019.7500    
9.8139       1053.5000    
9.8149       1071.8333    
9.8159       1064.4167    
9.8169       1091.3333    
9.8179       1095.5000    
9.8189       1108.7500    
9.8199       1147.5000    
9.8209       1135.3333    
9.8219       1141.7500    
9.8229       1151.5000    
9.8239       1159.5000    
9.8249       1177.5000    
9.8259       1151.0000    
9.8269       1171.7500    
9.8279       1181.5000    
9.8289       1162.0000    
9.8299       1227.2500    
9.8309       1197.0000    
9.8319       1184.0000    
9.8329       1233.0000    
9.8339       1251.7500    
9.8349       1262.0000    
9.8359       1219.2500    
9.8369       1251.5000    
9.8379       1247.5000    
9.8389       1294.7500    
9.8399       1282.2500    
9.8409       1304.7500    
9.8419       1307.7500    
9.8429       1296.2500    
9.8439       1298.0000    
9.8449       1356.0000    
9.8459       1312.2500    
9.8469       1335.7500    
9.8479       1367.5000    
9.8489       1355.0000    
9.8499       1334.7500    
9.8509       1352.5000    
9.8519       1404.0000    
9.8529       1380.5000    
9.8539       1374.5000    
9.8549       1350.2500    
9.8559       1436.0000    
9.8569       1401.7500    
9.8579       1430.7500    
9.8589       1421.0000    
9.8599       1464.0000    
9.8609       1435.7500    
9.8619       1428.0000    
9.8629       1468.7500    
9.8639       1445.7500    
9.8649       1424.5000    
9.8659       1485.5000    
9.8669       1507.5000    
9.8679       1460.7500    
9.8689       1497.5000    
9.8699       1503.7500    
9.8709       1508.7500    
9.8719       1488.5000    
9.8729       1486.0000    
9.8739       1533.7500    
9.8749       1476.5000    
9.8759       1515.7500    
9.8769       1528.7500    
9.8779       1481.7500    
9.8789       1536.0000    
9.8799       1527.0000    
9.8809       1580.5000    
9.8819       1553.0000    
9.8829       1523.7500    
9.8839       1554.2500    
9.8849       1543.5000    
9.8859       1597.7500    
9.8869       1606.0000    
9.8879       1576.0000    
9.8889       1605.5000    
9.8899       1550.0000    
9.8909       1581.7500    
9.8919       1599.0000    
9.8929       1593.0000    
9.8939       1571.0000    
9.8949       1592.0000    
9.8959       1610.5000    
9.8969       1610.7500    
9.8979       1625.7500    
9.8989       1610.7500    
9.8999       1586.7500    
9.9009       1639.2500    
9.9019       1621.5000    
9.9029       1637.5000    
9.9039       1642.5000    
9.9049       1624.2500    
9.9059       1634.0000    
9.9069       1642.0000    
9.9079       1618.7500    
9.9089       1633.0000    
9.9099       1625.0000    
9.9109       1639.2500    
9.9119       1634.0000    
9.9129       1676.5000    
9.9139       1635.2500    
9.9149       1671.0000    
9.9159       1653.7500    
9.9169       1631.2500    
9.9179       1637.0000    
9.9189       1629.2500    
9.9199       1664.7500    
9.9209       1652.0000    
9.9219       1622.2500    
9.9229       1655.7500    
9.9239       1642.2500    
9.9249       1619.0000    
9.9259       1649.0000    
9.9269       1642.0000    
9.9279       1644.5000    
9.9289       1627.0000    
9.9299       1624.5000    
9.9309       1623.2500    
9.9319       1629.7500    
9.9329       1611.2500    
9.9339       1663.0000    
9.9349       1637.7500    
9.9359       1633.5000    
9.9369       1673.7500    
9.9379       1632.5000    
9.9389       1620.2500    
9.9399       1619.5000    
9.9409       1664.5000    
9.9419       1659.5000    
9.9429       1609.7500    
9.9439       1599.7500    
9.9449       1626.2500    
9.9459       1618.5000    
9.9469       1642.2500    
9.9479       1655.2500    
9.9489       1637.0000    
9.9499       1597.0000    
9.9509       1594.0000    
9.9519       1563.7500    
9.9529       1586.2500    
9.9539       1629.2500    
9.9549       1610.2500    
9.9559       1624.7500    
9.9569       1570.5000    
9.9579       1592.0000    
9.9589       1583.2500    
9.9599       1599.2500    
9.9609       1540.2500    
9.9619       1573.2500    
9.9629       1562.5000    
9.9639       1569.2500    
9.9649       1559.7500    
9.9659       1573.0000    
9.9669       1551.2500    
9.9679       1558.2500    
9.9689       1550.5000    
9.9699       1533.0000    
9.9709       1535.5000    
9.9719       1540.7500    
9.9729       1513.5000    
9.9739       1564.5000    
9.9749       1535.2500    
9.9759       1550.2500    
9.9769       1538.7500    
9.9779       1513.0000    
9.9789       1508.7500    
9.9799       1527.5000    
9.9809       1457.2500    
9.9819       1497.5000    
9.9829       1496.2500    
9.9839       1485.0000    
9.9849       1480.2500    
9.9859       1467.2500    
9.9869       1447.7500    
9.9879       1463.0000    
9.9889       1483.2500    
9.9899       1445.2500    
9.9909       1477.5000    
9.9919       1436.2500    
9.9929       1450.0000    
9.9939       1452.0000    
9.9949       1434.7500    
9.9959       1422.7500    
9.9969       1409.0000    
9.9979       1436.2500    
9.9989       1411.2500    
9.9999       1432.2500    
10.0009      1393.5000    
10.0019      1424.0000    
10.0029      1387.2500    
10.0039      1410.2500    
10.0049      1402.7500    
10.0059      1392.2500    
10.0069      1401.5000    
10.0079      1384.5000    
10.0089      1392.7500    
10.0099      1360.5000    
10.0109      1312.7500    
10.0119      1357.0000    
10.0129      1362.0000    
10.0139      1361.0000    
10.0149      1343.2500    
10.0159      1381.7500    
10.0169      1356.7500    
10.0179      1334.7500    
10.0189      1331.5000    
10.0199      1293.2500    
10.0209      1330.7500    
10.0219      1292.5000    
10.0229      1319.2500    
10.0239      1299.5000    
10.0249      1325.2500    
10.0259      1294.0000    
10.0269      1303.7500    
10.0279      1302.7500    
10.0289      1278.2500    
10.0299      1278.7500    
10.0309      1269.5000    
10.0319      1248.5000    
10.0329      1288.5000    
10.0339      1297.7500    
10.0349      1247.5000    
10.0359      1264.0000    
10.0369      1260.7500    
10.0379      1226.7500    
10.0389      1245.7500    
10.0399      1226.5000    
10.0409      1219.2500    
10.0419      1224.0000    
10.0429      1208.5000    
10.0439      1212.7500    
10.0449      1229.2500    
10.0459      1208.0000    
10.0469      1258.2500    
10.0479      1183.7500    
10.0489      1164.7500    
10.0499      1182.0000    
10.0509      1192.0000    
10.0519      1214.5000    
10.0529      1160.5000    
10.0539      1186.7500    
10.0549      1197.0000    
10.0559      1190.2500    
10.0569      1147.0000    
10.0579      1145.0000    
10.0589      1154.2500    
10.0599      1198.0000    
10.0609      1134.7500    
10.0619      1141.7500    
10.0629      1140.5000    
10.0639      1133.0000    
10.0649      1143.0000    
10.0659      1113.5000    
10.0669      1154.2500    
10.0679      1109.7500    
10.0689      1125.7500    
10.0699      1093.7500    
10.0709      1134.7500    
10.0719      1101.2500    
10.0729      1087.2500    
10.0739      1107.5000    
10.0749      1116.5000    
10.0759      1080.2500    
10.0769      1100.7500    
10.0779      1098.2500    
10.0789      1080.7500    
10.0799      1068.7500    
10.0809      1094.7500    
10.0819      1055.5000    
10.0829      1094.0000    
10.0839      1073.7500    
10.0849      1082.7500    
10.0859      1085.0000    
10.0869      1070.5000    
10.0879      1076.5000    
10.0889      1078.0000    
10.0899      1063.2500    
10.0909      1047.5000    
10.0919      1027.7500    
10.0929      1036.0000    
10.0939      1035.2500    
10.0949      1011.2500    
10.0959      1056.5000    
10.0969      1013.7500    
10.0979      1049.7500    
10.0989      1036.7500    
10.0999      1022.2500    
10.1009      1026.2500    
10.1019      1020.5000    
10.1029      1042.5000    
10.1039      1023.5000    
10.1049      1010.7500    
10.1059      996.2500     
10.1069      1037.5000    
10.1079      1014.5000    
10.1089      999.2500     
10.1099      987.2500     
10.1109      988.5000     
10.1119      993.7500     
10.1129      998.7500     
10.1139      988.5000     
10.1149      1033.2500    
10.1159      998.0000     
10.1169      1013.0000    
10.1179      972.7500     
10.1189      982.2500     
10.1199      957.7500     
10.1209      977.2500     
10.1219      982.5000     
10.1229      987.5000     
10.1239      956.2500     
10.1249      930.7500     
10.1259      974.0000     
10.1269      945.5000     
10.1279      963.5000     
10.1289      966.2500     
10.1299      958.2500     
10.1309      963.2500     
10.1319      933.2500     
10.1329      952.0000     
10.1339      941.5000     
10.1349      940.7500     
10.1359      921.0000     
10.1369      947.0000     
10.1379      950.0000     
10.1389      939.5000     
10.1399      925.5000     
10.1409      948.0000     
10.1419      935.7500     
10.1429      933.0000     
10.1439      923.7500     
10.1449      932.5000     
10.1459      916.7500     
10.1469      901.2500     
10.1479      898.0000     
10.1489      915.7500     
10.1499      914.5000     
10.1509      900.0000     
10.1519      922.2500     
10.1529      915.2500     
10.1539      926.5000     
10.1549      898.5000     
10.1559      905.7500     
10.1569      901.7500     
10.1579      914.0000     
10.1589      909.7500     
10.1599      899.7500     
10.1609      891.7500     
10.1619      892.2500     
10.1629      872.5000     
10.1639      860.5000     
10.1649      871.0000     
10.1659      880.0000     
10.1669      861.0000     
10.1679      884.2500     
10.1689      881.0000     
10.1699      897.7500     
10.1709      857.0000     
10.1719      896.7500     
10.1729      908.2500     
10.1739      913.0000     
10.1749      892.0000     
10.1759      853.5000     
10.1769      861.2500     
10.1779      883.0000     
10.1789      865.2500     
10.1799      863.2500     
10.1809      859.5000     
10.1819      867.5000     
10.1829      866.5000     
10.1839      864.0000     
10.1849      845.7500     
10.1859      883.2500     
10.1869      853.7500     
10.1879      856.0000     
10.1889      872.0000     
10.1899      839.2500     
10.1909      857.0000     
10.1919      849.5000     
10.1929      855.5000     
10.1939      836.2500     
10.1949      864.0000     
10.1959      839.0000     
10.1969      855.5000     
10.1979      822.5000     
10.1989      854.5000     
10.1999      854.0000     
10.2009      859.2500     
10.2019      863.5000     
10.2029      853.7500     
10.2039      818.0000     
10.2049      840.2500     
10.2059      815.0000     
10.2069      853.0000     
10.2079      842.2500     
10.2089      833.0000     
10.2099      826.2500     
10.2109      805.7500     
10.2119      847.5000     
10.2129      814.7500     
10.2139      819.0000     
10.2149      817.7500     
10.2159      825.5000     
10.2169      848.2500     
10.2179      800.2500     
10.2189      841.7500     
10.2199      823.2500     
10.2209      811.7500     
10.2219      811.2500     
10.2229      818.2500     
10.2239      826.5000     
10.2249      816.5000     
10.2259      815.5000     
10.2269      816.7500     
10.2279      797.7500     
10.2289      789.0000     
10.2299      807.5000     
10.2309      807.2500     
10.2319      807.5000     
10.2329      790.5000     
10.2339      805.0000     
10.2349      794.0000     
10.2359      804.0000     
10.2369      798.7500     
10.2379      792.7500     
10.2389      777.7500     
10.2399      793.0000     
10.2409      799.7500     
10.2419      805.0000     
10.2429      794.5000     
10.2439      780.5000     
10.2449      748.2500     
10.2459      781.7500     
10.2469      771.5000     
10.2479      776.7500     
10.2489      767.5000     
10.2499      780.2500     
10.2509      793.0000     
10.2519      750.5000     
10.2529      766.2500     
10.2539      793.5000     
10.2549      795.0000     
10.2559      771.2500     
10.2569      777.7500     
10.2579      791.5000     
10.2589      796.0000     
10.2599      764.0000     
10.2609      777.2500     
10.2619      771.0000     
10.2629      752.0000     
10.2639      769.0000     
10.2649      774.7500     
10.2659      776.0000     
10.2669      750.2500     
10.2679      762.0000     
10.2689      782.0000     
10.2699      743.7500     
10.2709      776.2500     
10.2719      770.5000     
10.2729      750.7500     
10.2739      748.2500     
10.2749      780.5000     
10.2759      749.5000     
10.2769      788.2500     
10.2779      780.7500     
10.2789      746.0000     
10.2799      788.7500     
10.2809      753.5000     
10.2819      764.5000     
10.2829      759.0000     
10.2839      752.0000     
10.2849      760.2500     
10.2859      755.5000     
10.2869      758.0000     
10.2879      716.0000     
10.2889      752.7500     
10.2899      721.0000     
10.2909      727.0000     
10.2919      754.0000     
10.2929      738.0000     
10.2939      759.5000     
10.2949      710.7500     
10.2959      733.0000     
10.2969      759.0000     
10.2979      750.2500     
10.2989      746.2500     
10.2999      727.2500     
10.3009      739.2500     
10.3019      731.0000     
10.3029      750.5000     
10.3039      744.5000     
10.3049      734.5000     
10.3059      734.5000     
10.3069      710.7500     
10.3079      730.5000     
10.3089      715.7500     
10.3099      743.7500     
10.3109      730.7500     
10.3119      699.0000     
10.3129      709.2500     
10.3139      720.2500     
10.3149      704.7500     
10.3159      734.2500     
10.3169      734.0000     
10.3179      714.0000     
10.3189      716.7500     
10.3199      717.2500     
10.3209      723.5000     
10.3219      724.0000     
10.3229      743.0000     
10.3239      727.2500     
10.3249      716.5000     
10.3259      713.5000     
10.3269      717.2500     
10.3279      729.5000     
10.3289      737.5000     
10.3299      705.7500     
10.3309      716.5000     
10.3319      708.2500     
10.3329      718.0000     
10.3339      716.2500     
10.3349      721.7500     
10.3359      724.7500     
10.3369      694.2500     
10.3379      703.5000     
10.3389      710.0000     
10.3399      696.0000     
10.3409      715.0000     
10.3419      679.0000     
10.3429      700.5000     
10.3439      683.5000     
10.3449      699.7500     
10.3459      703.5000     
10.3469      713.7500     
10.3479      697.7500     
10.3489      710.7500     
10.3499      687.2500     
10.3509      683.5000     
10.3519      685.7500     
10.3529      708.2500     
10.3539      694.7500     
10.3549      720.7500     
10.3559      706.0000     
10.3569      689.0000     
10.3579      680.0000     
10.3589      689.2500     
10.3599      693.2500     
10.3609      689.0000     
10.3619      713.7500     
10.3629      673.0000     
10.3639      695.0000     
10.3649      699.0000     
10.3659      674.7500     
10.3669      690.2500     
10.3679      710.0000     
10.3689      680.5000     
10.3699      688.0000     
10.3709      674.2500     
10.3719      694.2500     
10.3729      661.5000     
10.3739      676.2500     
10.3749      680.5000     
10.3759      707.2500     
10.3769      687.2500     
10.3779      673.7500     
10.3789      698.2500     
10.3799      692.2500     
10.3809      677.7500     
10.3819      688.7500     
10.3829      657.0000     
10.3839      675.0000     
10.3849      641.2500     
10.3859      674.2500     
10.3869      701.0000     
10.3879      694.5000     
10.3889      665.7500     
10.3899      678.2500     
10.3909      685.2500     
10.3919      650.7500     
10.3929      658.5000     
10.3939      668.2500     
10.3949      671.5000     
10.3959      657.0000     
10.3969      664.2500     
10.3979      665.7500     
10.3989      660.0000     
10.3999      653.7500     
10.4009      675.0000     
10.4019      658.5000     
10.4029      686.5000     
10.4039      665.0000     
10.4049      665.0000     
10.4059      695.5000     
10.4069      688.5000     
10.4079      661.2500     
10.4089      650.5000     
10.4099      651.7500     
10.4109      639.0000     
10.4119      664.7500     
10.4129      649.0000     
10.4139      651.2500     
10.4149      670.5000     
10.4159      644.5000     
10.4169      664.0000     
10.4179      668.2500     
10.4189      650.7500     
10.4199      659.0000     
10.4209      653.5000     
10.4219      666.7500     
10.4229      643.5000     
10.4239      655.2500     
10.4249      652.0000     
10.4259      651.2500     
10.4269      664.5000     
10.4279      663.2500     
10.4289      658.5000     
10.4299      649.2500     
10.4309      665.5000     
10.4319      673.5000     
10.4329      672.0000     
10.4339      656.5000     
10.4349      633.7500     
10.4359      647.2500     
10.4369      646.2500     
10.4379      664.2500     
10.4389      629.5000     
10.4399      632.7500     
10.4409      672.5000     
10.4419      671.5000     
10.4429      632.0000     
10.4439      648.0000     
10.4449      658.2500     
10.4459      656.0000     
10.4469      652.5000     
10.4479      662.2500     
10.4489      657.7500     
10.4499      629.7500     
10.4509      635.0000     
10.4519      633.2500     
10.4529      648.0000     
10.4539      615.7500     
10.4549      647.2500     
10.4559      635.0000     
10.4569      630.7500     
10.4579      641.5000     
10.4589      645.0000     
10.4599      649.2500     
10.4609      635.5000     
10.4619      656.5000     
10.4629      627.0000     
10.4639      636.0000     
10.4649      627.0000     
10.4659      622.5000     
10.4669      653.5000     
10.4679      624.5000     
10.4689      630.2500     
10.4699      623.2500     
10.4709      615.5000     
10.4719      641.2500     
10.4729      618.0000     
10.4739      624.0000     
10.4749      618.0000     
10.4759      646.2500     
10.4769      642.2500     
10.4779      639.2500     
10.4789      626.7500     
10.4799      617.0000     
10.4809      639.2500     
10.4819      611.5000     
10.4829      605.5000     
10.4839      607.2500     
10.4849      608.2500     
10.4859      626.5000     
10.4869      625.2500     
10.4879      626.2500     
10.4889      616.5000     
10.4899      608.0000     
10.4909      601.0000     
10.4919      631.0000     
10.4929      650.5000     
10.4939      594.0000     
10.4949      616.2500     
10.4959      614.5000     
10.4969      600.2500     
10.4979      615.0000     
10.4989      630.2500     
10.4999      628.5000     
10.5009      628.2500     
10.5019      602.7500     
10.5029      631.7500     
10.5039      610.2500     
10.5049      599.5000     
10.5059      610.0000     
10.5069      612.7500     
10.5079      595.5000     
10.5089      620.0000     
10.5099      620.7500     
10.5109      604.2500     
10.5119      606.0000     
10.5129      616.2500     
10.5139      621.0000     
10.5149      602.5000     
10.5159      593.7500     
10.5169      632.7500     
10.5179      634.0000     
10.5189      602.7500     
10.5199      609.2500     
10.5209      617.7500     
10.5219      604.5000     
10.5229      608.0000     
10.5239      616.0000     
10.5249      597.5000     
10.5259      589.7500     
10.5269      630.7500     
10.5279      601.2500     
10.5289      595.2500     
10.5299      589.5000     
10.5309      599.5000     
10.5319      595.0000     
10.5329      591.0000     
10.5339      584.0000     
10.5349      599.2500     
10.5359      594.5000     
10.5369      600.5000     
10.5379      575.0000     
10.5389      596.0000     
10.5399      590.7500     
10.5409      590.2500     
10.5419      594.2500     
10.5429      584.7500     
10.5439      607.2500     
10.5449      582.0000     
10.5459      589.0000     
10.5469      607.2500     
10.5479      585.2500     
10.5489      570.5000     
10.5499      561.2500     
10.5509      603.2500     
10.5519      581.5000     
10.5529      579.5000     
10.5539      584.7500     
10.5549      596.5000     
10.5559      593.2500     
10.5569      572.7500     
10.5579      589.0000     
10.5589      557.5000     
10.5599      582.5000     
10.5609      616.2500     
10.5619      580.5000     
10.5629      592.7500     
10.5639      559.5000     
10.5649      589.7500     
10.5659      575.0000     
10.5669      578.5000     
10.5679      577.0000     
10.5689      581.7500     
10.5699      576.0000     
10.5709      587.5000     
10.5719      585.5000     
10.5729      563.7500     
10.5739      584.0000     
10.5749      567.5000     
10.5759      580.7500     
10.5769      566.2500     
10.5779      581.0000     
10.5789      578.0000     
10.5799      574.0000     
10.5809      566.2500     
10.5819      553.2500     
10.5829      558.0000     
10.5839      562.0000     
10.5849      553.7500     
10.5859      568.2500     
10.5869      566.2500     
10.5879      564.7500     
10.5889      569.2500     
10.5899      563.7500     
10.5909      549.2500     
10.5919      555.7500     
10.5929      553.5000     
10.5939      565.0000     
10.5949      559.7500     
10.5959      568.0000     
10.5969      560.0000     
10.5979      563.7500     
10.5989      585.7500     
10.5999      569.0000     
10.6009      557.5000     
10.6019      555.5000     
10.6029      575.7500     
10.6039      545.2500     
10.6049      569.0000     
10.6059      558.0000     
10.6069      564.0000     
10.6079      559.2500     
10.6089      541.2500     
10.6099      537.7500     
10.6109      534.2500     
10.6119      542.0000     
10.6129      554.0000     
10.6139      549.2500     
10.6149      540.7500     
10.6159      562.2500     
10.6169      536.0000     
10.6179      560.0000     
10.6189      551.0000     
10.6199      543.7500     
10.6209      557.5000     
10.6219      541.7500     
10.6229      524.0000     
10.6239      531.0000     
10.6249      536.0000     
10.6259      550.2500     
10.6269      542.5000     
10.6279      540.2500     
10.6289      543.7500     
10.6299      550.2500     
10.6309      536.2500     
10.6319      533.2500     
10.6329      541.5000     
10.6339      546.5000     
10.6349      525.5000     
10.6359      526.0000     
10.6369      521.7500     
10.6379      507.5000     
10.6389      524.5000     
10.6399      518.2500     
10.6409      509.2500     
10.6419      538.7500     
10.6429      514.7500     
10.6439      511.0000     
10.6449      537.2500     
10.6459      524.0000     
10.6469      523.5000     
10.6479      525.2500     
10.6489      521.5000     
10.6499      526.5000     
10.6509      524.5000     
10.6519      509.0000     
10.6529      503.5000     
10.6539      523.5000     
10.6549      520.5000     
10.6559      516.7500     
10.6569      501.5000     
10.6579      512.2500     
10.6589      501.2500     
10.6599      488.0000     
10.6609      498.0000     
10.6619      502.7500     
10.6629      493.7500     
10.6639      504.2500     
10.6649      514.5000     
10.6659      512.7500     
10.6669      519.5000     
10.6679      492.0000     
10.6689      495.7500     
10.6699      529.0000     
10.6709      514.5000     
10.6719      503.7500     
10.6729      516.7500     
10.6739      497.5000     
10.6749      509.2500     
10.6759      480.0000     
10.6769      491.5000     
10.6779      484.7500     
10.6789      480.7500     
10.6799      491.0000     
10.6809      475.7500     
10.6819      499.0000     
10.6829      492.0000     
10.6839      467.7500     
10.6849      493.2500     
10.6859      471.2500     
10.6869      483.2500     
10.6879      484.0000     
10.6889      469.2500     
10.6899      488.5000     
10.6909      483.2500     
10.6919      490.2500     
10.6929      469.2500     
10.6939      466.7500     
10.6949      453.2500     
10.6959      478.2500     
10.6969      459.7500     
10.6979      469.5000     
10.6989      465.5000     
10.6999      457.0000     
10.7009      467.2500     
10.7019      465.5000     
10.7029      471.2500     
10.7039      460.0000     
10.7049      439.0000     
10.7059      453.0000     
10.7069      456.2500     
10.7079      471.0000     
10.7089      444.0000     
10.7099      452.2500     
10.7109      460.7500     
10.7119      443.0000     
10.7129      452.0000     
10.7139      457.5000     
10.7149      468.5000     
10.7159      438.2500     
10.7169      442.0000     
10.7179      477.2500     
10.7189      443.2500     
10.7199      438.0000     
10.7209      457.7500     
10.7219      434.7500     
10.7229      446.0000     
10.7239      442.7500     
10.7249      432.2500     
10.7259      454.7500     
10.7269      412.5000     
10.7279      437.7500     
10.7289      429.2500     
10.7299      439.7500     
10.7309      422.5000     
10.7319      430.7500     
10.7329      421.5000     
10.7339      454.0000     
10.7349      412.2500     
10.7359      431.0000     
10.7369      436.2500     
10.7379      449.7500     
10.7389      432.5000     
10.7399      413.7500     
10.7409      418.5000     
10.7419      432.0000     
10.7429      433.5000     
10.7439      410.7500     
10.7449      430.0000     
10.7459      426.5000     
10.7469      419.7500     
10.7479      407.0000     
10.7489      427.0000     
10.7499      427.2500     
10.7509      429.0000     
10.7519      420.2500     
10.7529      429.0000     
10.7539      406.5000     
10.7549      436.2500     
10.7559      417.2500     
10.7569      407.2500     
10.7579      423.2500     
10.7589      412.5000     
10.7599      411.0000     
10.7609      413.7500     
10.7619      387.2500     
10.7629      407.2500     
10.7639      395.7500     
10.7649      402.0000     
10.7659      417.5000     
10.7669      398.0000     
10.7679      413.2500     
10.7689      401.0000     
10.7699      400.2500     
10.7709      389.2500     
10.7719      385.0000     
10.7729      414.2500     
10.7739      396.7500     
10.7749      378.0000     
10.7759      400.5000     
10.7769      385.0000     
10.7779      388.7500     
10.7789      381.0000     
10.7799      374.2500     
10.7809      381.0000     
10.7819      385.2500     
10.7829      368.2500     
10.7839      383.2500     
10.7849      378.7500     
10.7859      378.2500     
10.7869      380.7500     
10.7879      383.7500     
10.7889      388.7500     
10.7899      375.5000     
10.7909      384.7500     
10.7919      361.0000     
10.7929      358.0000     
10.7939      369.2500     
10.7949      365.7500     
10.7959      366.5000     
10.7969      357.0000     
10.7979      362.7500     
10.7989      362.5000     
10.7999      375.7500     
10.8009      359.5000     
10.8019      365.5000     
10.8029      350.0000     
10.8039      362.0000     
10.8049      353.7500     
10.8059      371.7500     
10.8069      354.0000     
10.8079      367.7500     
10.8089      356.7500     
10.8099      372.2500     
10.8109      360.5000     
10.8119      360.2500     
10.8129      365.0000     
10.8139      359.5000     
10.8149      351.0000     
10.8159      357.5000     
10.8169      341.7500     
10.8179      334.0000     
10.8189      325.7500     
10.8199      341.5000     
10.8209      341.0000     
10.8219      335.0000     
10.8229      341.0000     
10.8239      335.0000     
10.8249      347.2500     
10.8259      331.7500     
10.8269      339.5000     
10.8279      335.7500     
10.8289      336.2500     
10.8299      340.0000     
10.8309      334.2500     
10.8319      339.2500     
10.8329      329.0000     
10.8339      317.2500     
10.8349      342.5000     
10.8359      342.2500     
10.8369      333.5000     
10.8379      336.2500     
10.8389      340.0000     
10.8399      334.5000     
10.8409      317.5000     
10.8419      324.0000     
10.8429      334.2500     
10.8439      324.7500     
10.8449      332.7500     
10.8459      313.0000     
10.8469      332.7500     
10.8479      329.2500     
10.8489      338.2500     
10.8499      336.2500     
10.8509      310.0000     
10.8519      323.7500     
10.8529      322.0000     
10.8539      314.7500     
10.8549      306.2500     
10.8559      318.7500     
10.8569      293.5000     
10.8579      306.2500     
10.8589      303.7500     
10.8599      302.2500     
10.8609      299.7500     
10.8619      300.7500     
10.8629      313.7500     
10.8639      314.2500     
10.8649      310.7500     
10.8659      302.2500     
10.8669      275.2500     
10.8679      302.2500     
10.8689      312.0000     
10.8699      304.0000     
10.8709      306.7500     
10.8719      296.0000     
10.8729      315.7500     
10.8739      301.2500     
10.8749      285.7500     
10.8759      298.0000     
10.8769      310.7500     
10.8779      292.0000     
10.8789      281.5000     
10.8799      283.7500     
10.8809      278.7500     
10.8819      289.5000     
10.8829      284.7500     
10.8839      287.5000     
10.8849      289.7500     
10.8859      286.7500     
10.8869      283.7500     
10.8879      286.7500     
10.8889      277.2500     
10.8899      303.2500     
10.8909      291.5000     
10.8919      289.0000     
10.8929      271.2500     
10.8939      282.7500     
10.8949      268.5000     
10.8959      281.7500     
10.8969      273.5000     
10.8979      276.2500     
10.8989      254.2500     
10.8999      268.0000     
10.9009      271.0000     
10.9019      271.5000     
10.9029      269.7500     
10.9039      260.5000     
10.9049      263.0000     
10.9059      255.2500     
10.9069      272.5000     
10.9079      278.2500     
10.9089      243.0000     
10.9099      272.2500     
10.9109      271.7500     
10.9119      256.0000     
10.9129      250.7500     
10.9139      264.2500     
10.9149      247.2500     
10.9159      258.0000     
10.9169      249.7500     
10.9179      257.7500     
10.9189      248.0000     
10.9199      262.2500     
10.9209      248.7500     
10.9219      253.7500     
10.9229      258.2500     
10.9239      250.5000     
10.9249      239.5000     
10.9259      258.0000     
10.9269      253.5000     
10.9279      265.0000     
10.9289      255.2500     
10.9299      249.0000     
10.9309      250.0000     
10.9319      249.5000     
10.9329      247.7500     
10.9339      261.0000     
10.9349      229.2500     
10.9359      237.5000     
10.9369      260.0000     
10.9379      239.5000     
10.9389      236.2500     
10.9399      225.0000     
10.9409      236.0000     
10.9419      249.7500     
10.9429      234.5000     
10.9439      231.0000     
10.9449      229.0000     
10.9459      230.2500     
10.9469      236.0000     
10.9479      226.2500     
10.9489      218.5000     
10.9499      239.5000     
10.9509      236.7500     
10.9519      225.5000     
10.9529      223.5000     
10.9539      224.7500     
10.9549      214.2500     
10.9559      231.5000     
10.9569      226.5000     
10.9579      235.2500     
10.9589      224.0000     
10.9599      212.5000     
10.9609      220.0000     
10.9619      209.7500     
10.9629      226.5000     
10.9639      203.0000     
10.9649      223.5000     
10.9659      210.5000     
10.9669      226.0000     
10.9679      201.7500     
10.9689      219.2500     
10.9699      221.5000     
10.9709      211.5000     
10.9719      198.7500     
10.9729      195.7500     
10.9739      210.0000     
10.9749      209.7500     
10.9759      220.5000     
10.9769      198.7500     
10.9779      194.7500     
10.9789      202.0000     
10.9799      205.7500     
10.9809      208.0000     
10.9819      198.7500     
10.9829      204.5000     
10.9839      190.0000     
10.9849      197.0000     
10.9859      211.7500     
10.9869      195.0000     
10.9879      201.0000     
10.9889      200.5000     
10.9899      200.5000     
10.9909      188.5000     
10.9919      188.0000     
10.9929      184.0000     
10.9939      192.0000     
10.9949      185.0000     
10.9959      188.2500     
10.9969      186.5000     
10.9979      193.7500     
10.9989      180.5000     
10.9999      183.2500     
11.0009      195.5000     
11.0019      172.5000     
11.0029      181.7500     
11.0039      189.7500     
11.0049      175.0000     
11.0059      182.7500     
11.0069      179.2500     
11.0079      186.7500     
11.0089      187.0000     
11.0099      175.2500     
11.0109      185.5000     
11.0119      177.0000     
11.0129      173.7500     
11.0139      181.0000     
11.0149      177.7500     
11.0159      176.7500     
11.0169      186.7500     
11.0179      176.7500     
11.0189      166.0000     
11.0199      166.0000     
11.0209      169.0000     
11.0219      164.5000     
11.0229      174.7500     
11.0239      164.2500     
11.0249      159.2500     
11.0259      167.0000     
11.0269      164.0000     
11.0279      157.2500     
11.0289      158.2500     
11.0299      157.0000     
11.0309      162.0000     
11.0319      169.0000     
11.0329      156.7500     
11.0339      163.7500     
11.0349      152.0000     
11.0359      155.5000     
11.0369      148.5000     
11.0379      152.7500     
11.0389      153.7500     
11.0399      159.2500     
11.0409      158.7500     
11.0419      159.5000     
11.0429      151.0000     
11.0439      147.5000     
11.0449      162.0000     
11.0459      151.2500     
11.0469      158.5000     
11.0479      143.5000     
11.0489      152.2500     
11.0499      143.7500     
11.0509      140.2500     
11.0519      144.0000     
11.0529      144.7500     
11.0539      152.0000     
11.0549      141.2500     
11.0559      140.2500     
11.0569      137.0000     
11.0579      143.0000     
11.0589      146.7500     
11.0599      147.5000     
11.0609      145.5000     
11.0619      146.0000     
11.0629      131.5000     
11.0639      136.2500     
11.0649      131.0000     
11.0659      138.5000     
11.0669      129.2500     
11.0679      127.7500     
11.0689      134.5000     
11.0699      144.0000     
11.0709      129.0000     
11.0719      131.0000     
11.0729      125.2500     
11.0739      126.0000     
11.0749      129.0000     
11.0759      128.2500     
11.0769      121.5000     
11.0779      142.7500     
11.0789      127.2500     
11.0799      132.2500     
11.0809      132.2500     
11.0819      129.7500     
11.0829      125.0000     
11.0839      120.7500     
11.0849      129.0000     
11.0859      114.5000     
11.0869      119.7500     
11.0879      114.5000     
11.0889      114.5000     
11.0899      110.5000     
11.0909      106.0000     
11.0919      110.5000     
11.0929      102.2500     
11.0939      113.0000     
11.0949      112.5000     
11.0959      108.7500     
11.0969      114.2500     
11.0979      118.7500     
11.0989      105.5000     
11.0999      116.0000     
11.1009      118.7500     
11.1019      114.0000     
11.1029      101.2500     
11.1039      99.5000      
11.1049      100.7500     
11.1059      117.7500     
11.1069      103.2500     
11.1079      103.0000     
11.1089      108.5000     
11.1099      99.5000      
11.1109      109.7500     
11.1119      102.0000     
11.1129      103.2500     
11.1139      98.2500      
11.1149      103.2500     
11.1159      94.5000      
11.1169      98.0000      
11.1179      100.0000     
11.1189      92.0000      
11.1199      101.5000     
11.1209      107.2500     
11.1219      91.2500      
11.1229      92.0000      
11.1239      99.7500      
11.1249      86.0000      
11.1259      87.2500      
11.1269      85.5000      
11.1279      98.7500      
11.1289      97.0000      
11.1299      94.5000      
11.1309      86.5000      
11.1319      77.7500      
11.1329      89.2500      
11.1339      81.5000      
11.1349      80.7500      
11.1359      83.2500      
11.1369      85.7500      
11.1379      78.5000      
11.1389      82.2500      
11.1399      74.2500      
11.1409      87.5000      
11.1419      73.2500      
11.1429      74.7500      
11.1439      81.7500      
11.1449      79.2500      
11.1459      72.5000      
11.1469      79.0000      
11.1479      82.5000      
11.1489      84.0000      
11.1499      72.0000      
11.1509      69.5000      
11.1519      76.7500      
11.1529      75.0000      
11.1539      71.2500      
11.1549      77.0000      
11.1559      65.5000      
11.1569      64.0000      
11.1579      60.7500      
11.1589      75.7500      
11.1599      74.7500      
11.1609      64.7500      
11.1619      67.0000      
11.1629      67.2500      
11.1639      65.5000      
11.1649      69.5000      
11.1659      58.0000      
11.1669      62.7500      
11.1679      55.0000      
11.1689      57.0000      
11.1699      60.2500      
11.1709      62.7500      
11.1719      55.0000      
11.1729      54.5000      
11.1739      61.0000      
11.1749      57.7500      
11.1759      62.2500      
11.1769      62.5000      
11.1779      60.2500      
11.1789      57.2500      
11.1799      59.7500      
11.1809      56.0000      
11.1819      57.5000      
11.1829      48.5000      
11.1839      52.5000      
11.1849      47.5000      
11.1859      45.2500      
11.1869      48.0000      
11.1879      51.7500      
11.1889      49.5000      
11.1899      51.2500      
11.1909      51.2500      
11.1919      52.0000      
11.1929      48.2500      
11.1939      42.7500      
11.1949      43.2500      
11.1959      48.7500      
11.1969      44.5000      
11.1979      42.5000      
11.1989      49.7500      
11.1999      41.0000      
11.2009      42.5000      
11.2019      44.0000      
11.2029      40.7500      
11.2039      44.0000      
11.2049      43.5000      
11.2059      39.7500      
11.2069      43.7500      
11.2079      42.2500      
11.2089      37.5000      
11.2099      37.5000      
11.2109      39.0000      
11.2119      37.7500      
11.2129      41.7500      
11.2139      37.5000      
11.2149      28.7500      
11.2159      33.0000      
11.2169      37.0000      
11.2179      37.5000      
11.2189      38.2500      
11.2199      40.2500      
11.2209      26.7500      
11.2219      33.5000      
11.2229      28.7500      
11.2239      30.7500      
11.2249      35.2500      
11.2259      30.2500      
11.2269      31.0000      
11.2279      28.7500      
11.2289      30.0000      
11.2299      26.5000      
11.2309      26.0000      
11.2319      26.0000      
11.2329      24.5000      
11.2339      31.2500      
11.2349      31.7500      
11.2359      29.0000      
11.2369      29.7500      
11.2379      23.2500      
11.2389      21.5000      
11.2399      24.5000      
11.2409      27.5000      
11.2419      20.2500      
11.2429      26.0000      
11.2439      24.2500      
11.2449      29.5000      
11.2459      23.5000      
11.2469      20.5000      
11.2479      21.7500      
11.2489      22.0000      
11.2499      21.5000      
11.2509      19.7500      
11.2519      21.7500      
11.2529      19.7500      
11.2539      23.7500      
11.2549      19.0000      
11.2559      16.7500      
11.2569      18.5000      
11.2579      21.7500      
11.2589      19.5000      
11.2599      16.0000      
11.2609      16.5000      
11.2619      21.7500      
11.2629      15.2500      
11.2639      14.7500      
11.2649      16.7500      
11.2659      18.2500      
11.2669      15.5000      
11.2679      14.5000      
11.2689      16.0000      
11.2699      11.7500      
11.2709      15.0000      
11.2719      13.7500      
11.2729      13.0000      
11.2739      14.0000      
11.2749      14.0000      
11.2759      11.7500      
11.2769      13.5000      
11.2779      11.2500      
11.2789      11.5000      
11.2799      11.2500      
11.2809      9.7500       
11.2819      14.0000      
11.2829      12.7500      
11.2839      8.0000       
11.2849      9.7500       
11.2859      11.0000      
11.2869      13.2500      
11.2879      11.5000      
11.2889      8.2500       
11.2899      9.5000       
11.2909      11.7500      
11.2919      10.0000      
11.2929      12.0000      
11.2939      8.0000       
11.2949      7.2500       
11.2959      6.7500       
11.2969      7.2500       
11.2979      10.0000      
11.2989      8.0000       
11.2999      6.7500       
11.3009      7.0000       
11.3019      7.5000       
11.3029      5.0000       
11.3039      8.5000       
11.3049      6.2500       
11.3059      5.5000       
11.3069      6.7500       
11.3079      6.2500       
11.3089      5.2500       
11.3099      8.5000       
11.3109      6.0000       
11.3119      6.2500       
11.3129      6.0000       
11.3139      4.5000       
11.3149      6.5000       
11.3159      6.2500       
11.3169      6.0000       
11.3179      5.0000       
11.3189      4.7500       
11.3199      3.7500       
11.3209      7.2500       
11.3219      3.7500       
11.3229      4.7500       
11.3239      4.7500       
11.3249      5.2500       
11.3259      3.7500       
11.3269      2.5000       
11.3279      2.5000       
11.3289      2.2500       
11.3299      4.0000       
11.3309      6.0000       
11.3319      3.0000       
11.3329      4.2500       
11.3339      4.0000       
11.3349      2.7500       
11.3359      4.5000       
11.3369      3.2500       
11.3379      1.5000       
11.3389      3.7500       
11.3399      3.5000       
11.3409      2.5000       
11.3419      2.5000       
11.3429      3.2500       
11.3439      2.5000       
11.3449      2.0000       
11.3459      2.0000       
11.3469      2.2500       
11.3479      2.5000       
11.3489      2.0000       
11.3499      2.2500       
11.3509      2.7500       
11.3519      2.0000       
11.3529      2.7500       
11.3539      2.2500       
11.3549      1.0000       
11.3559      0.7500       
11.3569      2.0000       
11.3579      1.5000       
11.3589      2.0000       
11.3599      1.0000       
11.3609      2.2500       
11.3619      1.2500       
11.3629      1.0000       
11.3639      2.0000       
11.3649      1.0000       
11.3659      0.7500       
11.3669      1.0000       
11.3679      1.2500       
11.3689      1.0000       
11.3699      1.2500       
11.3709      1.0000       
11.3719      0.7500       
11.3729      1.0000       
11.3739      1.0000       
11.3749      1.2500       
11.3759      1.5000       
11.3769      1.2500       
11.3779      2.5000       
11.3789      1.0000       
11.3799      1.5000       
11.3809      0.2500       
11.3819      0.5000       
11.3829      0.5000       
11.3839      0.5000       
11.3849      0.7500       
11.3859      1.2500       
11.3869      1.2500       
11.3879      0.7500       
11.3889      0.5000       
11.3899      1.2500       
11.3909      1.7500       
11.3919      0.2500       
11.3929      0.7500       
11.3939      0.5000       
11.3949      0.2500       
11.3959      1.0000       
11.3969      1.0000       
11.3979      0.5000       
11.3989      0.7500       
11.3999      0.2500       
11.4009      0.5000       
11.4019      0.2500       
11.4029      0.5000       
11.4039      1.7500       
11.4049      0.2500       
11.4059      0.2500       
11.4069      0.0000       
11.4079      0.5000       
11.4089      0.0000       
11.4099      0.5000       
11.4109      0.0000       
11.4119      0.2500       
11.4129      0.0000       
11.4139      0.2500       
11.4149      0.2500       
11.4159      0.2500       
11.4169      0.0000       
11.4179      0.2500       
11.4189      0.2500       
11.4199      0.5000       
11.4209      0.2500       
11.4219      0.0000       
11.4229      0.2500       
11.4239      0.2500       
11.4249      0.2500       
11.4259      0.2500       
11.4269      0.0000       
11.4279      0.5000       
11.4289      0.2500       
11.4299      0.2500       
11.4309      0.0000       
11.4319      0.2500       
11.4329      0.2500       
11.4339      0.0000       
11.4349      0.2500       
11.4359      0.0000       
11.4369      0.0000       
11.4379      0.0000       
11.4389      0.0000       
11.4399      0.2500       
11.4409      0.0000       
11.4419      0.0000       
11.4429      0.2500       
11.4439      0.0000       
11.4449      0.2500       
11.4459      0.0000       
11.4469      0.0000       
11.4479      0.0000       
11.4489      0.0000       
11.4499      0.0000       
11.4509      0.0000       
11.4519      0.0000       
11.4529      0.0000       
11.4539      0.0000       
11.4549      0.0000       
11.4559      0.0000       
11.4569      0.0000       
11.4579      0.0000       
11.4589      0.0000       
11.4599      0.0000       
11.4609      0.0000       
11.4619      0.0000       
11.4629      0.0000       
11.4639      0.0000       
11.4649      0.0000       
11.4659      0.0000       
11.4669      0.2500       
11.4679      0.0000       
11.4689      0.0000       
11.4699      0.0000       
11.4709      0.0000       
11.4719      0.0000       
11.4729      0.0000       
11.4739      0.0000       
11.4749      0.0000       
11.4759      0.0000       
11.4769      0.0000       
11.4779      0.2500       
11.4789      0.2500       
11.4799      0.0000       
11.4809      0.0000       
11.4819      0.2500       
11.4829      0.0000       
11.4839      0.0000       
11.4849      0.0000       
11.4859      0.0000       
11.4869      0.0000       
11.4879      0.0000       
11.4889      0.0000       
11.4899      0.0000       
11.4909      0.0000       
11.4919      0.0000       
11.4929      0.0000       
11.4939      0.0000       
11.4949      0.0000       
11.4959      0.0000       
11.4969      0.0000       
11.4979      0.0000       
11.4989      0.0000       
11.4999      0.0000       
11.5009      0.0000       
11.5019      0.0000       
11.5029      0.0000       
11.5039      0.0000       
11.5049      0.0000       
11.5059      0.0000       
11.5069      0.0000       
11.5079      0.0000       
11.5089      0.0000       
11.5099      0.0000       
11.5109      0.0000       
11.5119      0.0000       
11.5129      0.0000       
11.5139      0.2500       
11.5149      0.0000       
11.5159      0.0000       
11.5169      0.0000       
11.5179      0.0000       
11.5189      0.0000       
11.5199      0.0000       
11.5209      0.0000       
11.5219      0.0000       
11.5229      0.0000       
11.5239      0.0000       
11.5249      0.0000       
11.5259      0.0000       
11.5269      0.0000       
11.5279      0.0000       
11.5289      0.0000       
11.5299      0.0000       
11.5309      0.0000       
11.5319      0.0000       
11.5329      0.0000       
11.5339      0.0000       
11.5349      0.0000       
11.5359      0.0000       
11.5369      0.0000       
11.5379      0.0000       
11.5389      0.0000       
11.5399      0.0000       
11.5409      0.0000       
11.5419      0.0000       
11.5429      0.0000       
11.5439      0.0000       
11.5449      0.0000       
11.5459      0.0000       
11.5469      0.0000       
11.5479      0.0000       
11.5489      0.0000       
11.5499      0.0000       
11.5509      0.0000       
11.5519      0.0000       
11.5529      0.0000       
11.5539      0.0000       
11.5549      0.0000       
11.5559      0.0000       
11.5569      0.0000       
11.5579      0.0000       
11.5589      0.0000       
11.5599      0.0000       
11.5609      0.0000       
11.5619      0.0000       
11.5629      0.0000       
11.5639      0.0000       
11.5649      0.0000       
11.5659      0.0000       
11.5669      0.0000       
11.5679      0.0000       
11.5689      0.0000       
11.5699      0.0000       
11.5709      0.0000       
11.5719      0.0000       
11.5729      0.0000       
11.5739      0.0000       
11.5749      0.0000       
11.5759      0.0000       
11.5769      0.0000       
11.5779      0.0000       
11.5789      0.0000       
11.5799      0.0000       
11.5809      0.0000       
11.5819      0.0000       
11.5829      0.0000       
11.5839      0.0000       
11.5849      0.0000       
11.5859      0.0000       
11.5869      0.0000       
11.5879      0.0000       
11.5889      0.0000       
11.5899      0.0000       
11.5909      0.0000       
11.5919      0.0000       
11.5929      0.0000       
11.5939      0.0000       
11.5949      0.0000       
11.5959      0.0000       
11.5969      0.0000       
11.5979      0.0000       
11.5989      0.0000       
11.5999      0.0000       
11.6009      0.0000       
11.6019      0.0000       
11.6029      0.0000       
11.6039      0.0000       
11.6049      0.0000       
11.6059      0.0000       
11.6069      0.0000       
11.6079      0.0000       
11.6089      0.0000       
11.6099      0.0000       
11.6109      0.0000       
11.6119      0.0000       
11.6129      0.0000       
11.6139      0.0000       
11.6149      0.0000       
11.6159      0.0000       
