9.3719       0.0000       
9.3729       0.0000       
9.3739       0.0000       
9.3749       0.0000       
9.3759       0.0000       
9.3769       0.0000       
9.3779       0.0000       
9.3789       0.0000       
9.3799       0.0000       
9.3809       0.0000       
9.3819       0.0000       
9.3829       0.0000       
9.3839       0.0000       
9.3849       0.0000       
9.3859       0.0000       
9.3869       0.0000       
9.3879       0.0000       
9.3889       0.0000       
9.3899       0.0000       
9.3909       0.0000       
9.3919       0.0000       
9.3929       0.0000       
9.3939       0.0000       
9.3949       0.0000       
9.3959       0.0000       
9.3969       0.0000       
9.3979       0.0000       
9.3989       0.0000       
9.3999       0.0000       
9.4009       0.0000       
9.4019       0.0000       
9.4029       0.0000       
9.4039       0.0000       
9.4049       0.0000       
9.4059       0.0000       
9.4069       0.0000       
9.4079       0.0000       
9.4089       0.0000       
9.4099       0.0000       
9.4109       0.0000       
9.4119       0.0000       
9.4129       0.0000       
9.4139       0.0000       
9.4149       0.0000       
9.4159       0.0000       
9.4169       0.0000       
9.4179       0.0000       
9.4189       0.0000       
9.4199       0.0000       
9.4209       0.0000       
9.4219       0.0000       
9.4229       0.0000       
9.4239       0.0000       
9.4249       0.0000       
9.4259       0.0000       
9.4269       0.0000       
9.4279       0.0000       
9.4289       0.0000       
9.4299       0.0000       
9.4309       0.0000       
9.4319       0.0000       
9.4329       0.0000       
9.4339       0.0000       
9.4349       0.0000       
9.4359       0.0000       
9.4369       0.0000       
9.4379       0.0000       
9.4389       0.0000       
9.4399       0.0000       
9.4409       0.0000       
9.4419       0.0000       
9.4429       0.0000       
9.4439       0.0000       
9.4449       0.0000       
9.4459       0.0000       
9.4469       0.0000       
9.4479       0.0000       
9.4489       0.0000       
9.4499       0.0000       
9.4509       0.0000       
9.4519       0.0000       
9.4529       0.0000       
9.4539       0.0000       
9.4549       0.0000       
9.4559       0.0000       
9.4569       0.0000       
9.4579       0.0000       
9.4589       0.0000       
9.4599       0.0000       
9.4609       0.0000       
9.4619       0.0000       
9.4629       0.0000       
9.4639       0.0000       
9.4649       0.0000       
9.4659       0.0000       
9.4669       0.0000       
9.4679       0.0000       
9.4689       0.0000       
9.4699       0.0000       
9.4709       0.0000       
9.4719       0.6667       
9.4729       0.2500       
9.4739       0.0000       
9.4749       0.0000       
9.4759       0.0000       
9.4769       0.3333       
9.4779       0.6667       
9.4789       0.3333       
9.4799       0.3333       
9.4809       0.0000       
9.4819       0.3333       
9.4829       0.3333       
9.4839       0.0000       
9.4849       0.6667       
9.4859       0.0000       
9.4869       0.3333       
9.4879       1.6667       
9.4889       2.2500       
9.4899       3.3333       
9.4909       0.6667       
9.4919       0.6667       
9.4929       1.6667       
9.4939       5.0000       
9.4949       6.3333       
9.4959       7.3333       
9.4969       10.6667      
9.4979       13.0000      
9.4989       10.0000      
9.4999       13.3333      
9.5009       17.3333      
9.5019       17.6667      
9.5029       19.6667      
9.5039       25.0000      
9.5049       30.3333      
9.5059       33.6667      
9.5069       47.0000      
9.5079       47.3333      
9.5089       51.0000      
9.5099       57.3333      
9.5109       74.3333      
9.5119       74.3333      
9.5129       93.3333      
9.5139       103.2500     
9.5149       130.6667     
9.5159       131.6667     
9.5169       143.0000     
9.5179       167.6667     
9.5189       184.6667     
9.5199       189.3333     
9.5209       228.9167     
9.5219       253.0000     
9.5229       263.3333     
9.5239       310.0000     
9.5249       325.3333     
9.5259       367.6667     
9.5269       401.6667     
9.5279       429.6667     
9.5289       468.5000     
9.5299       490.0000     
9.5309       572.0000     
9.5319       569.5833     
9.5329       648.3333     
9.5339       670.6667     
9.5349       736.9167     
9.5359       749.0000     
9.5369       816.6667     
9.5379       838.9167     
9.5389       930.5833     
9.5399       996.3333     
9.5409       1031.6667    
9.5419       1109.9167    
9.5429       1110.6667    
9.5439       1198.6667    
9.5449       1232.7500    
9.5459       1267.3333    
9.5469       1336.0000    
9.5479       1374.3333    
9.5489       1460.3333    
9.5499       1505.9167    
9.5509       1594.0000    
9.5519       1604.5833    
9.5529       1664.5000    
9.5539       1701.2500    
9.5549       1754.0000    
9.5559       1816.2500    
9.5569       1824.5000    
9.5579       1881.0833    
9.5589       1942.8333    
9.5599       1951.4167    
9.5609       1980.5000    
9.5619       2002.1667    
9.5629       2098.9167    
9.5639       2105.5833    
9.5649       2145.8333    
9.5659       2168.2500    
9.5669       2224.9167    
9.5679       2235.3333    
9.5689       2241.1667    
9.5699       2240.0000    
9.5709       2304.0000    
9.5719       2323.4167    
9.5729       2292.4167    
9.5739       2365.6667    
9.5749       2376.0000    
9.5759       2361.2500    
9.5769       2426.5833    
9.5779       2375.3333    
9.5789       2435.5000    
9.5799       2451.0833    
9.5809       2471.3333    
9.5819       2474.4167    
9.5829       2506.4167    
9.5839       2435.8333    
9.5849       2517.5000    
9.5859       2553.5000    
9.5869       2535.9167    
9.5879       2547.1667    
9.5889       2551.0833    
9.5899       2609.8333    
9.5909       2620.3333    
9.5919       2569.0000    
9.5929       2553.2500    
9.5939       2629.4167    
9.5949       2664.5833    
9.5959       2630.2500    
9.5969       2734.5000    
9.5979       2693.8333    
9.5989       2723.7500    
9.5999       2781.5833    
9.6009       2727.8333    
9.6019       2798.5833    
9.6029       2804.2500    
9.6039       2851.2500    
9.6049       2870.5000    
9.6059       2917.9167    
9.6069       2938.4167    
9.6079       2908.6667    
9.6089       3010.4167    
9.6099       3084.0000    
9.6109       3065.5833    
9.6119       3130.5833    
9.6129       3200.3333    
9.6139       3235.5833    
9.6149       3279.1667    
9.6159       3457.7500    
9.6169       3457.7500    
9.6179       3584.1667    
9.6189       3628.5833    
9.6199       3735.9167    
9.6209       3759.8333    
9.6219       3868.9167    
9.6229       4049.5000    
9.6239       4105.4167    
9.6249       4284.0833    
9.6259       4422.8333    
9.6269       4546.9167    
9.6279       4659.4167    
9.6289       4785.8333    
9.6299       4894.1667    
9.6309       5163.7500    
9.6319       5277.1667    
9.6329       5499.7500    
9.6339       5674.4167    
9.6349       5802.2500    
9.6359       6005.5833    
9.6369       6162.0000    
9.6379       6374.7500    
9.6389       6551.4167    
9.6399       6764.1667    
9.6409       6963.5833    
9.6419       7119.1667    
9.6429       7268.0833    
9.6439       7511.0833    
9.6449       7653.0833    
9.6459       7756.0000    
9.6469       7868.7500    
9.6479       8022.5833    
9.6489       8321.6667    
9.6499       8405.0833    
9.6509       8627.1667    
9.6519       8651.3333    
9.6529       8792.6667    
9.6539       8906.6667    
9.6549       8998.2500    
9.6559       8957.2500    
9.6569       9044.0000    
9.6579       9064.0833    
9.6589       9093.1667    
9.6599       9137.7500    
9.6609       9116.0000    
9.6619       8988.6667    
9.6629       8932.4167    
9.6639       8976.0833    
9.6649       8931.7500    
9.6659       8836.3333    
9.6669       8766.3333    
9.6679       8639.0000    
9.6689       8557.0833    
9.6699       8501.6667    
9.6709       8343.4167    
9.6719       8255.7500    
9.6729       8163.8333    
9.6739       8009.6667    
9.6749       7867.6667    
9.6759       7747.5833    
9.6769       7516.2500    
9.6779       7426.1667    
9.6789       7309.9167    
9.6799       7088.6667    
9.6809       6974.8333    
9.6819       6805.7500    
9.6829       6622.0833    
9.6839       6652.0833    
9.6849       6414.8333    
9.6859       6235.6667    
9.6869       6179.4167    
9.6879       6084.9167    
9.6889       6075.6667    
9.6899       5812.0833    
9.6909       5867.3333    
9.6919       5691.3333    
9.6929       5668.6667    
9.6939       5641.0833    
9.6949       5570.7500    
9.6959       5524.9167    
9.6969       5537.0000    
9.6979       5422.5000    
9.6989       5340.6667    
9.6999       5429.5833    
9.7009       5299.1667    
9.7019       5289.5833    
9.7029       5294.4167    
9.7039       5281.6667    
9.7049       5259.9167    
9.7059       5244.4167    
9.7069       5271.2500    
9.7079       5203.0833    
9.7089       5170.0833    
9.7099       5154.3333    
9.7109       5174.8333    
9.7119       5219.4167    
9.7129       5199.4167    
9.7139       5212.7500    
9.7149       5151.5000    
9.7159       5168.0000    
9.7169       5116.0000    
9.7179       5158.8333    
9.7189       5067.0833    
9.7199       5081.1667    
9.7209       5176.7500    
9.7219       5122.0000    
9.7229       5076.6667    
9.7239       5104.4167    
9.7249       5023.3333    
9.7259       5035.8333    
9.7269       4953.0833    
9.7279       4900.6667    
9.7289       4818.8333    
9.7299       4840.1667    
9.7309       4807.4167    
9.7319       4687.5000    
9.7329       4581.0000    
9.7339       4553.6667    
9.7349       4475.0833    
9.7359       4377.8333    
9.7369       4340.5000    
9.7379       4201.1667    
9.7389       4062.7500    
9.7399       4014.0833    
9.7409       3849.5833    
9.7419       3798.5000    
9.7429       3658.2500    
9.7439       3523.1667    
9.7449       3422.9167    
9.7459       3373.9167    
9.7469       3228.3333    
9.7479       3062.2500    
9.7489       2957.1667    
9.7499       2829.8333    
9.7509       2691.0833    
9.7519       2592.3333    
9.7529       2484.8333    
9.7539       2399.2500    
9.7549       2322.6667    
9.7559       2161.0833    
9.7569       2099.5833    
9.7579       1907.4167    
9.7589       1877.5833    
9.7599       1785.0833    
9.7609       1731.2500    
9.7619       1596.2500    
9.7629       1546.6667    
9.7639       1482.2500    
9.7649       1371.2500    
9.7659       1386.2500    
9.7669       1273.3333    
9.7679       1203.9167    
9.7689       1173.9167    
9.7699       1112.5833    
9.7709       1084.7500    
9.7719       1067.7500    
9.7729       1008.2500    
9.7739       965.5000     
9.7749       919.2500     
9.7759       925.5000     
9.7769       903.0833     
9.7779       869.4167     
9.7789       895.2500     
9.7799       860.8333     
9.7809       866.8333     
9.7819       860.3333     
9.7829       816.4167     
9.7839       837.8333     
9.7849       869.5000     
9.7859       817.8333     
9.7869       816.0833     
9.7879       793.1667     
9.7889       870.8333     
9.7899       839.9167     
9.7909       846.0000     
9.7919       837.3333     
9.7929       828.0000     
9.7939       860.9167     
9.7949       869.0833     
9.7959       889.0000     
9.7969       897.4167     
9.7979       895.0000     
9.7989       914.7500     
9.7999       889.5000     
9.8009       913.0000     
9.8019       904.2500     
9.8029       920.1667     
9.8039       955.9167     
9.8049       958.7500     
9.8059       945.0000     
9.8069       964.7500     
9.8079       954.5833     
9.8089       980.0000     
9.8099       984.0833     
9.8109       1018.6667    
9.8119       1052.5000    
9.8129       1027.5000    
9.8139       1045.8333    
9.8149       1049.2500    
9.8159       1059.7500    
9.8169       1070.5000    
9.8179       1081.7500    
9.8189       1082.7500    
9.8199       1120.5000    
9.8209       1106.5000    
9.8219       1085.7500    
9.8229       1162.0000    
9.8239       1129.2500    
9.8249       1147.0000    
9.8259       1147.7500    
9.8269       1150.0000    
9.8279       1149.0000    
9.8289       1165.0000    
9.8299       1171.2500    
9.8309       1187.5000    
9.8319       1209.0000    
9.8329       1180.0000    
9.8339       1242.2500    
9.8349       1216.0000    
9.8359       1219.0000    
9.8369       1239.0000    
9.8379       1318.7500    
9.8389       1242.0000    
9.8399       1248.0000    
9.8409       1267.2500    
9.8419       1276.5000    
9.8429       1321.5000    
9.8439       1346.0000    
9.8449       1292.7500    
9.8459       1318.5000    
9.8469       1314.0000    
9.8479       1371.2500    
9.8489       1335.2500    
9.8499       1322.0000    
9.8509       1384.0000    
9.8519       1399.0000    
9.8529       1383.0000    
9.8539       1384.5000    
9.8549       1396.7500    
9.8559       1414.7500    
9.8569       1394.2500    
9.8579       1405.7500    
9.8589       1445.7500    
9.8599       1399.2500    
9.8609       1431.5000    
9.8619       1435.0000    
9.8629       1421.0000    
9.8639       1446.0000    
9.8649       1408.2500    
9.8659       1440.2500    
9.8669       1459.7500    
9.8679       1459.0000    
9.8689       1487.0000    
9.8699       1490.2500    
9.8709       1507.2500    
9.8719       1492.5000    
9.8729       1506.7500    
9.8739       1470.2500    
9.8749       1536.0000    
9.8759       1516.7500    
9.8769       1524.2500    
9.8779       1541.7500    
9.8789       1514.2500    
9.8799       1555.2500    
9.8809       1570.7500    
9.8819       1549.0000    
9.8829       1552.5000    
9.8839       1551.7500    
9.8849       1565.0000    
9.8859       1528.7500    
9.8869       1532.7500    
9.8879       1548.7500    
9.8889       1554.5000    
9.8899       1533.0000    
9.8909       1575.2500    
9.8919       1596.5000    
9.8929       1609.5000    
9.8939       1553.7500    
9.8949       1558.7500    
9.8959       1583.0000    
9.8969       1595.2500    
9.8979       1580.0000    
9.8989       1593.2500    
9.8999       1606.2500    
9.9009       1610.7500    
9.9019       1636.0000    
9.9029       1592.5000    
9.9039       1634.0000    
9.9049       1633.5000    
9.9059       1612.0000    
9.9069       1647.2500    
9.9079       1640.0000    
9.9089       1628.0000    
9.9099       1621.7500    
9.9109       1609.2500    
9.9119       1646.7500    
9.9129       1635.0000    
9.9139       1632.0000    
9.9149       1632.5000    
9.9159       1605.0000    
9.9169       1652.5000    
9.9179       1667.2500    
9.9189       1665.7500    
9.9199       1653.2500    
9.9209       1623.7500    
9.9219       1650.0000    
9.9229       1634.7500    
9.9239       1631.2500    
9.9249       1683.0000    
9.9259       1647.7500    
9.9269       1648.5000    
9.9279       1630.7500    
9.9289       1623.2500    
9.9299       1623.0000    
9.9309       1619.0000    
9.9319       1618.2500    
9.9329       1635.0000    
9.9339       1608.5000    
9.9349       1634.7500    
9.9359       1643.5000    
9.9369       1644.2500    
9.9379       1643.2500    
9.9389       1606.5000    
9.9399       1618.5000    
9.9409       1642.2500    
9.9419       1603.0000    
9.9429       1593.2500    
9.9439       1621.7500    
9.9449       1613.5000    
9.9459       1600.5000    
9.9469       1595.0000    
9.9479       1657.7500    
9.9489       1582.2500    
9.9499       1638.5000    
9.9509       1597.2500    
9.9519       1612.0000    
9.9529       1620.5000    
9.9539       1615.0000    
9.9549       1600.5000    
9.9559       1637.7500    
9.9569       1551.7500    
9.9579       1599.0000    
9.9589       1546.2500    
9.9599       1568.2500    
9.9609       1567.5000    
9.9619       1569.7500    
9.9629       1604.2500    
9.9639       1557.0000    
9.9649       1583.2500    
9.9659       1523.0000    
9.9669       1570.7500    
9.9679       1545.5000    
9.9689       1550.0000    
9.9699       1516.0000    
9.9709       1573.0000    
9.9719       1535.0000    
9.9729       1537.2500    
9.9739       1555.5000    
9.9749       1528.0000    
9.9759       1507.0000    
9.9769       1511.2500    
9.9779       1535.5000    
9.9789       1485.7500    
9.9799       1529.5000    
9.9809       1510.2500    
9.9819       1499.2500    
9.9829       1511.0000    
9.9839       1501.0000    
9.9849       1452.0000    
9.9859       1496.5000    
9.9869       1462.0000    
9.9879       1465.7500    
9.9889       1491.5000    
9.9899       1477.5000    
9.9909       1463.0000    
9.9919       1427.0000    
9.9929       1455.5000    
9.9939       1430.2500    
9.9949       1451.7500    
9.9959       1427.2500    
9.9969       1424.2500    
9.9979       1430.2500    
9.9989       1423.7500    
9.9999       1407.0000    
10.0009      1398.5000    
10.0019      1411.0000    
10.0029      1416.5000    
10.0039      1382.7500    
10.0049      1396.7500    
10.0059      1404.7500    
10.0069      1413.0000    
10.0079      1375.7500    
10.0089      1354.2500    
10.0099      1405.5000    
10.0109      1371.0000    
10.0119      1352.0000    
10.0129      1343.7500    
10.0139      1377.0000    
10.0149      1356.5000    
10.0159      1343.0000    
10.0169      1335.7500    
10.0179      1353.0000    
10.0189      1338.0000    
10.0199      1336.7500    
10.0209      1317.2500    
10.0219      1316.7500    
10.0229      1305.5000    
10.0239      1326.0000    
10.0249      1296.0000    
10.0259      1313.7500    
10.0269      1269.5000    
10.0279      1291.2500    
10.0289      1270.5000    
10.0299      1261.0000    
10.0309      1252.7500    
10.0319      1260.2500    
10.0329      1263.0000    
10.0339      1239.2500    
10.0349      1273.7500    
10.0359      1252.7500    
10.0369      1250.5000    
10.0379      1258.5000    
10.0389      1250.0000    
10.0399      1269.0000    
10.0409      1256.2500    
10.0419      1259.0000    
10.0429      1237.7500    
10.0439      1236.7500    
10.0449      1216.7500    
10.0459      1198.2500    
10.0469      1225.0000    
10.0479      1205.2500    
10.0489      1216.5000    
10.0499      1206.7500    
10.0509      1177.7500    
10.0519      1192.2500    
10.0529      1212.0000    
10.0539      1173.2500    
10.0549      1170.7500    
10.0559      1178.2500    
10.0569      1151.5000    
10.0579      1156.7500    
10.0589      1185.7500    
10.0599      1155.2500    
10.0609      1142.7500    
10.0619      1174.5000    
10.0629      1159.0000    
10.0639      1128.5000    
10.0649      1150.0000    
10.0659      1151.2500    
10.0669      1118.7500    
10.0679      1123.0000    
10.0689      1124.5000    
10.0699      1104.2500    
10.0709      1106.5000    
10.0719      1113.7500    
10.0729      1112.5000    
10.0739      1107.2500    
10.0749      1103.2500    
10.0759      1105.2500    
10.0769      1102.5000    
10.0779      1089.7500    
10.0789      1080.7500    
10.0799      1120.0000    
10.0809      1081.5000    
10.0819      1075.5000    
10.0829      1074.7500    
10.0839      1070.5000    
10.0849      1072.0000    
10.0859      1059.5000    
10.0869      1060.7500    
10.0879      1073.7500    
10.0889      1046.7500    
10.0899      1046.0000    
10.0909      1078.0000    
10.0919      1064.0000    
10.0929      1060.2500    
10.0939      1058.2500    
10.0949      1061.5000    
10.0959      1039.2500    
10.0969      1040.2500    
10.0979      1043.5000    
10.0989      1018.7500    
10.0999      1032.7500    
10.1009      1015.7500    
10.1019      1020.0000    
10.1029      1023.2500    
10.1039      1026.5000    
10.1049      1032.7500    
10.1059      1002.7500    
10.1069      1004.7500    
10.1079      1037.5000    
10.1089      987.2500     
10.1099      988.5000     
10.1109      989.5000     
10.1119      979.5000     
10.1129      1006.7500    
10.1139      1028.2500    
10.1149      992.2500     
10.1159      1001.7500    
10.1169      984.7500     
10.1179      971.5000     
10.1189      988.5000     
10.1199      1006.5000    
10.1209      993.2500     
10.1219      986.7500     
10.1229      976.2500     
10.1239      967.7500     
10.1249      962.2500     
10.1259      963.0000     
10.1269      974.7500     
10.1279      961.0000     
10.1289      946.7500     
10.1299      962.5000     
10.1309      967.7500     
10.1319      960.5000     
10.1329      933.0000     
10.1339      944.2500     
10.1349      943.2500     
10.1359      939.2500     
10.1369      960.7500     
10.1379      970.0000     
10.1389      938.5000     
10.1399      927.5000     
10.1409      953.2500     
10.1419      915.7500     
10.1429      940.0000     
10.1439      934.7500     
10.1449      958.0000     
10.1459      938.0000     
10.1469      941.0000     
10.1479      917.2500     
10.1489      943.0000     
10.1499      940.0000     
10.1509      944.0000     
10.1519      932.2500     
10.1529      922.5000     
10.1539      903.2500     
10.1549      898.5000     
10.1559      915.2500     
10.1569      910.7500     
10.1579      903.5000     
10.1589      902.2500     
10.1599      883.2500     
10.1609      927.7500     
10.1619      903.2500     
10.1629      870.7500     
10.1639      886.2500     
10.1649      887.0000     
10.1659      902.5000     
10.1669      904.5000     
10.1679      883.7500     
10.1689      874.7500     
10.1699      870.2500     
10.1709      891.0000     
10.1719      887.5000     
10.1729      878.2500     
10.1739      862.5000     
10.1749      886.2500     
10.1759      859.2500     
10.1769      868.5000     
10.1779      884.0000     
10.1789      875.7500     
10.1799      872.5000     
10.1809      852.0000     
10.1819      860.5000     
10.1829      863.2500     
10.1839      901.2500     
10.1849      827.0000     
10.1859      873.0000     
10.1869      822.2500     
10.1879      879.0000     
10.1889      895.0000     
10.1899      853.2500     
10.1909      862.5000     
10.1919      850.7500     
10.1929      846.7500     
10.1939      849.5000     
10.1949      832.2500     
10.1959      849.0000     
10.1969      829.2500     
10.1979      820.5000     
10.1989      845.0000     
10.1999      856.7500     
10.2009      849.7500     
10.2019      851.7500     
10.2029      830.2500     
10.2039      838.7500     
10.2049      854.5000     
10.2059      822.2500     
10.2069      802.0000     
10.2079      825.2500     
10.2089      823.5000     
10.2099      841.7500     
10.2109      832.5000     
10.2119      841.7500     
10.2129      820.7500     
10.2139      826.7500     
10.2149      826.7500     
10.2159      841.5000     
10.2169      839.2500     
10.2179      825.0000     
10.2189      822.5000     
10.2199      803.2500     
10.2209      809.2500     
10.2219      800.0000     
10.2229      819.0000     
10.2239      834.0000     
10.2249      799.0000     
10.2259      803.2500     
10.2269      833.0000     
10.2279      856.7500     
10.2289      798.0000     
10.2299      786.7500     
10.2309      824.5000     
10.2319      797.2500     
10.2329      793.7500     
10.2339      789.2500     
10.2349      807.0000     
10.2359      791.2500     
10.2369      787.2500     
10.2379      791.5000     
10.2389      789.7500     
10.2399      804.0000     
10.2409      783.7500     
10.2419      789.7500     
10.2429      751.2500     
10.2439      803.2500     
10.2449      792.0000     
10.2459      800.0000     
10.2469      768.7500     
10.2479      804.0000     
10.2489      780.2500     
10.2499      787.0000     
10.2509      794.0000     
10.2519      801.5000     
10.2529      799.0000     
10.2539      801.0000     
10.2549      795.0000     
10.2559      772.7500     
10.2569      797.0000     
10.2579      793.7500     
10.2589      787.7500     
10.2599      808.0000     
10.2609      794.5000     
10.2619      765.7500     
10.2629      782.7500     
10.2639      747.7500     
10.2649      768.7500     
10.2659      745.5000     
10.2669      752.2500     
10.2679      776.2500     
10.2689      763.7500     
10.2699      772.0000     
10.2709      740.2500     
10.2719      768.7500     
10.2729      759.7500     
10.2739      774.7500     
10.2749      760.7500     
10.2759      748.0000     
10.2769      765.7500     
10.2779      739.5000     
10.2789      773.0000     
10.2799      780.0000     
10.2809      781.7500     
10.2819      756.5000     
10.2829      757.5000     
10.2839      736.0000     
10.2849      757.7500     
10.2859      753.7500     
10.2869      755.7500     
10.2879      751.2500     
10.2889      750.7500     
10.2899      741.7500     
10.2909      757.7500     
10.2919      742.2500     
10.2929      750.7500     
10.2939      766.7500     
10.2949      728.5000     
10.2959      730.2500     
10.2969      757.0000     
10.2979      739.5000     
10.2989      747.2500     
10.2999      741.5000     
10.3009      766.7500     
10.3019      739.0000     
10.3029      728.2500     
10.3039      735.5000     
10.3049      746.0000     
10.3059      753.0000     
10.3069      733.7500     
10.3079      748.7500     
10.3089      730.2500     
10.3099      732.7500     
10.3109      707.0000     
10.3119      725.0000     
10.3129      736.2500     
10.3139      723.5000     
10.3149      754.7500     
10.3159      722.5000     
10.3169      728.0000     
10.3179      734.5000     
10.3189      728.7500     
10.3199      704.2500     
10.3209      732.2500     
10.3219      711.7500     
10.3229      706.5000     
10.3239      745.0000     
10.3249      722.0000     
10.3259      704.5000     
10.3269      705.0000     
10.3279      710.5000     
10.3289      737.2500     
10.3299      709.0000     
10.3309      718.7500     
10.3319      718.0000     
10.3329      720.5000     
10.3339      733.5000     
10.3349      717.7500     
10.3359      725.0000     
10.3369      716.2500     
10.3379      711.2500     
10.3389      721.0000     
10.3399      690.7500     
10.3409      708.2500     
10.3419      698.2500     
10.3429      726.5000     
10.3439      698.7500     
10.3449      733.2500     
10.3459      703.2500     
10.3469      706.7500     
10.3479      702.2500     
10.3489      706.0000     
10.3499      695.2500     
10.3509      701.2500     
10.3519      710.5000     
10.3529      699.5000     
10.3539      682.0000     
10.3549      689.5000     
10.3559      709.7500     
10.3569      703.5000     
10.3579      691.2500     
10.3589      700.5000     
10.3599      703.7500     
10.3609      703.5000     
10.3619      695.7500     
10.3629      730.5000     
10.3639      689.0000     
10.3649      696.7500     
10.3659      711.5000     
10.3669      690.5000     
10.3679      655.0000     
10.3689      687.5000     
10.3699      706.2500     
10.3709      717.0000     
10.3719      681.2500     
10.3729      689.5000     
10.3739      661.2500     
10.3749      690.0000     
10.3759      690.5000     
10.3769      693.2500     
10.3779      697.5000     
10.3789      681.5000     
10.3799      722.5000     
10.3809      662.0000     
10.3819      676.2500     
10.3829      695.2500     
10.3839      673.2500     
10.3849      669.2500     
10.3859      660.7500     
10.3869      670.2500     
10.3879      669.7500     
10.3889      671.0000     
10.3899      683.0000     
10.3909      698.7500     
10.3919      656.0000     
10.3929      682.7500     
10.3939      692.7500     
10.3949      690.0000     
10.3959      684.2500     
10.3969      676.7500     
10.3979      664.5000     
10.3989      669.7500     
10.3999      671.0000     
10.4009      672.5000     
10.4019      677.7500     
10.4029      688.0000     
10.4039      660.2500     
10.4049      666.7500     
10.4059      656.5000     
10.4069      673.7500     
10.4079      666.5000     
10.4089      672.7500     
10.4099      661.5000     
10.4109      656.2500     
10.4119      679.7500     
10.4129      672.0000     
10.4139      675.0000     
10.4149      646.7500     
10.4159      651.2500     
10.4169      658.7500     
10.4179      667.7500     
10.4189      672.7500     
10.4199      637.7500     
10.4209      662.0000     
10.4219      667.5000     
10.4229      641.5000     
10.4239      671.5000     
10.4249      662.7500     
10.4259      645.0000     
10.4269      673.5000     
10.4279      659.0000     
10.4289      647.5000     
10.4299      656.7500     
10.4309      649.5000     
10.4319      636.5000     
10.4329      646.2500     
10.4339      643.0000     
10.4349      663.0000     
10.4359      624.5000     
10.4369      634.2500     
10.4379      638.2500     
10.4389      673.2500     
10.4399      637.5000     
10.4409      648.2500     
10.4419      645.0000     
10.4429      645.2500     
10.4439      636.7500     
10.4449      647.7500     
10.4459      633.7500     
10.4469      622.5000     
10.4479      657.7500     
10.4489      644.5000     
10.4499      640.5000     
10.4509      640.7500     
10.4519      658.2500     
10.4529      650.2500     
10.4539      660.0000     
10.4549      619.7500     
10.4559      652.5000     
10.4569      622.2500     
10.4579      654.5000     
10.4589      657.2500     
10.4599      662.0000     
10.4609      618.2500     
10.4619      629.2500     
10.4629      643.2500     
10.4639      634.2500     
10.4649      647.5000     
10.4659      624.0000     
10.4669      621.0000     
10.4679      633.0000     
10.4689      620.7500     
10.4699      649.2500     
10.4709      626.2500     
10.4719      638.7500     
10.4729      643.7500     
10.4739      648.5000     
10.4749      614.0000     
10.4759      626.2500     
10.4769      626.2500     
10.4779      614.7500     
10.4789      634.7500     
10.4799      614.7500     
10.4809      643.0000     
10.4819      620.0000     
10.4829      630.7500     
10.4839      644.5000     
10.4849      629.7500     
10.4859      632.7500     
10.4869      621.5000     
10.4879      641.7500     
10.4889      596.7500     
10.4899      620.7500     
10.4909      625.5000     
10.4919      629.5000     
10.4929      621.2500     
10.4939      631.2500     
10.4949      627.0000     
10.4959      640.7500     
10.4969      629.5000     
10.4979      605.7500     
10.4989      615.7500     
10.4999      605.7500     
10.5009      630.5000     
10.5019      615.2500     
10.5029      639.2500     
10.5039      595.2500     
10.5049      600.2500     
10.5059      612.0000     
10.5069      585.0000     
10.5079      617.2500     
10.5089      627.0000     
10.5099      606.2500     
10.5109      593.0000     
10.5119      601.7500     
10.5129      619.2500     
10.5139      588.7500     
10.5149      581.7500     
10.5159      587.7500     
10.5169      605.7500     
10.5179      621.0000     
10.5189      610.2500     
10.5199      611.7500     
10.5209      600.5000     
10.5219      595.0000     
10.5229      610.5000     
10.5239      613.0000     
10.5249      608.7500     
10.5259      613.5000     
10.5269      619.5000     
10.5279      589.7500     
10.5289      609.5000     
10.5299      594.5000     
10.5309      601.5000     
10.5319      629.5000     
10.5329      590.5000     
10.5339      600.7500     
10.5349      596.2500     
10.5359      590.2500     
10.5369      594.7500     
10.5379      623.5000     
10.5389      602.0000     
10.5399      595.5000     
10.5409      598.5000     
10.5419      590.7500     
10.5429      594.7500     
10.5439      588.7500     
10.5449      580.7500     
10.5459      584.5000     
10.5469      597.7500     
10.5479      601.5000     
10.5489      601.5000     
10.5499      589.0000     
10.5509      604.0000     
10.5519      607.0000     
10.5529      615.2500     
10.5539      616.5000     
10.5549      593.0000     
10.5559      596.0000     
10.5569      582.0000     
10.5579      586.5000     
10.5589      580.7500     
10.5599      591.7500     
10.5609      597.7500     
10.5619      572.5000     
10.5629      584.7500     
10.5639      564.5000     
10.5649      585.0000     
10.5659      592.7500     
10.5669      567.2500     
10.5679      589.2500     
10.5689      581.7500     
10.5699      579.5000     
10.5709      577.0000     
10.5719      573.2500     
10.5729      576.7500     
10.5739      582.2500     
10.5749      586.2500     
10.5759      560.7500     
10.5769      580.7500     
10.5779      551.2500     
10.5789      560.5000     
10.5799      581.2500     
10.5809      577.0000     
10.5819      559.7500     
10.5829      564.2500     
10.5839      581.2500     
10.5849      570.2500     
10.5859      570.2500     
10.5869      545.0000     
10.5879      551.5000     
10.5889      565.0000     
10.5899      564.0000     
10.5909      552.0000     
10.5919      560.5000     
10.5929      563.5000     
10.5939      562.5000     
10.5949      540.2500     
10.5959      569.2500     
10.5969      552.2500     
10.5979      558.5000     
10.5989      562.2500     
10.5999      573.0000     
10.6009      565.0000     
10.6019      555.0000     
10.6029      560.7500     
10.6039      582.2500     
10.6049      572.5000     
10.6059      565.7500     
10.6069      553.2500     
10.6079      530.7500     
10.6089      544.0000     
10.6099      557.7500     
10.6109      543.5000     
10.6119      552.2500     
10.6129      560.5000     
10.6139      546.5000     
10.6149      545.5000     
10.6159      539.7500     
10.6169      536.7500     
10.6179      535.0000     
10.6189      531.5000     
10.6199      569.2500     
10.6209      553.0000     
10.6219      528.7500     
10.6229      552.5000     
10.6239      533.0000     
10.6249      531.7500     
10.6259      531.0000     
10.6269      544.7500     
10.6279      529.2500     
10.6289      531.2500     
10.6299      539.2500     
10.6309      501.2500     
10.6319      553.5000     
10.6329      518.5000     
10.6339      511.5000     
10.6349      531.0000     
10.6359      533.0000     
10.6369      530.0000     
10.6379      533.5000     
10.6389      519.7500     
10.6399      523.0000     
10.6409      525.5000     
10.6419      518.7500     
10.6429      522.2500     
10.6439      532.0000     
10.6449      544.5000     
10.6459      529.7500     
10.6469      505.5000     
10.6479      528.0000     
10.6489      507.7500     
10.6499      507.7500     
10.6509      497.7500     
10.6519      513.0000     
10.6529      506.7500     
10.6539      503.2500     
10.6549      508.2500     
10.6559      520.2500     
10.6569      495.0000     
10.6579      504.5000     
10.6589      508.0000     
10.6599      501.2500     
10.6609      511.7500     
10.6619      498.7500     
10.6629      513.7500     
10.6639      478.0000     
10.6649      508.0000     
10.6659      510.5000     
10.6669      511.5000     
10.6679      490.0000     
10.6689      481.2500     
10.6699      529.5000     
10.6709      532.7500     
10.6719      484.0000     
10.6729      492.0000     
10.6739      483.2500     
10.6749      512.0000     
10.6759      490.2500     
10.6769      500.7500     
10.6779      484.2500     
10.6789      501.0000     
10.6799      482.0000     
10.6809      492.2500     
10.6819      487.0000     
10.6829      491.0000     
10.6839      478.2500     
10.6849      496.0000     
10.6859      482.5000     
10.6869      468.0000     
10.6879      481.0000     
10.6889      492.5000     
10.6899      481.7500     
10.6909      490.7500     
10.6919      451.0000     
10.6929      474.2500     
10.6939      506.0000     
10.6949      470.7500     
10.6959      474.7500     
10.6969      475.2500     
10.6979      461.2500     
10.6989      480.5000     
10.6999      474.5000     
10.7009      488.2500     
10.7019      462.2500     
10.7029      462.5000     
10.7039      473.7500     
10.7049      475.5000     
10.7059      480.5000     
10.7069      479.7500     
10.7079      480.0000     
10.7089      454.5000     
10.7099      452.5000     
10.7109      461.7500     
10.7119      459.0000     
10.7129      454.2500     
10.7139      473.2500     
10.7149      448.2500     
10.7159      451.0000     
10.7169      440.7500     
10.7179      456.0000     
10.7189      447.5000     
10.7199      439.0000     
10.7209      433.5000     
10.7219      433.5000     
10.7229      455.5000     
10.7239      447.5000     
10.7249      455.2500     
10.7259      414.7500     
10.7269      424.7500     
10.7279      460.0000     
10.7289      441.2500     
10.7299      444.7500     
10.7309      421.2500     
10.7319      441.0000     
10.7329      434.2500     
10.7339      440.5000     
10.7349      426.0000     
10.7359      427.2500     
10.7369      426.0000     
10.7379      425.7500     
10.7389      422.5000     
10.7399      431.0000     
10.7409      414.2500     
10.7419      413.7500     
10.7429      428.0000     
10.7439      423.5000     
10.7449      411.2500     
10.7459      424.2500     
10.7469      420.5000     
10.7479      420.2500     
10.7489      415.7500     
10.7499      428.2500     
10.7509      409.2500     
10.7519      413.0000     
10.7529      432.5000     
10.7539      415.5000     
10.7549      411.5000     
10.7559      401.5000     
10.7569      406.5000     
10.7579      402.0000     
10.7589      390.7500     
10.7599      419.5000     
10.7609      420.2500     
10.7619      395.5000     
10.7629      400.0000     
10.7639      391.7500     
10.7649      403.2500     
10.7659      396.2500     
10.7669      395.7500     
10.7679      408.7500     
10.7689      383.0000     
10.7699      386.0000     
10.7709      384.5000     
10.7719      391.7500     
10.7729      400.5000     
10.7739      407.0000     
10.7749      394.5000     
10.7759      393.2500     
10.7769      372.0000     
10.7779      386.2500     
10.7789      371.7500     
10.7799      372.0000     
10.7809      375.2500     
10.7819      384.7500     
10.7829      387.0000     
10.7839      381.0000     
10.7849      388.5000     
10.7859      375.5000     
10.7869      404.2500     
10.7879      373.7500     
10.7889      386.7500     
10.7899      364.5000     
10.7909      378.0000     
10.7919      376.7500     
10.7929      344.5000     
10.7939      376.5000     
10.7949      349.7500     
10.7959      371.5000     
10.7969      362.5000     
10.7979      371.7500     
10.7989      361.0000     
10.7999      379.5000     
10.8009      373.2500     
10.8019      361.7500     
10.8029      357.0000     
10.8039      370.5000     
10.8049      359.0000     
10.8059      369.5000     
10.8069      355.7500     
10.8079      360.0000     
10.8089      355.5000     
10.8099      342.7500     
10.8109      362.5000     
10.8119      361.7500     
10.8129      352.2500     
10.8139      352.2500     
10.8149      358.7500     
10.8159      365.0000     
10.8169      342.2500     
10.8179      353.0000     
10.8189      351.0000     
10.8199      347.5000     
10.8209      352.2500     
10.8219      341.5000     
10.8229      342.0000     
10.8239      339.5000     
10.8249      354.2500     
10.8259      349.5000     
10.8269      345.5000     
10.8279      333.5000     
10.8289      348.7500     
10.8299      343.0000     
10.8309      336.7500     
10.8319      327.7500     
10.8329      337.2500     
10.8339      341.0000     
10.8349      320.0000     
10.8359      322.0000     
10.8369      323.5000     
10.8379      313.7500     
10.8389      343.5000     
10.8399      334.2500     
10.8409      345.7500     
10.8419      317.0000     
10.8429      317.0000     
10.8439      320.7500     
10.8449      330.5000     
10.8459      328.7500     
10.8469      317.2500     
10.8479      309.0000     
10.8489      333.7500     
10.8499      320.5000     
10.8509      329.5000     
10.8519      331.7500     
10.8529      292.7500     
10.8539      305.5000     
10.8549      310.2500     
10.8559      311.5000     
10.8569      304.0000     
10.8579      303.2500     
10.8589      314.2500     
10.8599      322.2500     
10.8609      304.2500     
10.8619      307.7500     
10.8629      293.2500     
10.8639      291.7500     
10.8649      325.7500     
10.8659      310.5000     
10.8669      293.7500     
10.8679      297.7500     
10.8689      302.2500     
10.8699      300.5000     
10.8709      309.5000     
10.8719      303.2500     
10.8729      299.5000     
10.8739      293.2500     
10.8749      297.7500     
10.8759      284.5000     
10.8769      295.5000     
10.8779      299.0000     
10.8789      299.2500     
10.8799      292.0000     
10.8809      282.7500     
10.8819      292.5000     
10.8829      298.7500     
10.8839      287.5000     
10.8849      297.5000     
10.8859      303.5000     
10.8869      276.0000     
10.8879      292.5000     
10.8889      280.5000     
10.8899      278.0000     
10.8909      289.5000     
10.8919      289.5000     
10.8929      277.0000     
10.8939      282.5000     
10.8949      273.0000     
10.8959      276.7500     
10.8969      283.7500     
10.8979      272.5000     
10.8989      275.5000     
10.8999      287.2500     
10.9009      287.7500     
10.9019      266.7500     
10.9029      270.0000     
10.9039      273.2500     
10.9049      269.0000     
10.9059      254.2500     
10.9069      264.0000     
10.9079      273.0000     
10.9089      265.2500     
10.9099      270.7500     
10.9109      270.5000     
10.9119      262.2500     
10.9129      254.0000     
10.9139      260.7500     
10.9149      255.5000     
10.9159      263.5000     
10.9169      262.0000     
10.9179      269.5000     
10.9189      259.7500     
10.9199      247.7500     
10.9209      244.2500     
10.9219      241.5000     
10.9229      242.0000     
10.9239      239.7500     
10.9249      264.0000     
10.9259      248.5000     
10.9269      239.0000     
10.9279      250.0000     
10.9289      240.0000     
10.9299      233.7500     
10.9309      247.5000     
10.9319      236.2500     
10.9329      235.5000     
10.9339      236.2500     
10.9349      246.7500     
10.9359      244.7500     
10.9369      245.5000     
10.9379      240.0000     
10.9389      239.2500     
10.9399      237.5000     
10.9409      252.7500     
10.9419      238.5000     
10.9429      236.5000     
10.9439      227.7500     
10.9449      220.0000     
10.9459      232.5000     
10.9469      233.7500     
10.9479      235.2500     
10.9489      225.7500     
10.9499      235.2500     
10.9509      221.2500     
10.9519      225.0000     
10.9529      222.7500     
10.9539      221.5000     
10.9549      223.0000     
10.9559      232.0000     
10.9569      227.7500     
10.9579      231.2500     
10.9589      221.0000     
10.9599      220.7500     
10.9609      219.2500     
10.9619      210.5000     
10.9629      230.0000     
10.9639      221.2500     
10.9649      207.0000     
10.9659      213.2500     
10.9669      204.2500     
10.9679      203.0000     
10.9689      205.5000     
10.9699      221.7500     
10.9709      213.7500     
10.9719      200.0000     
10.9729      222.2500     
10.9739      204.7500     
10.9749      203.2500     
10.9759      208.2500     
10.9769      214.5000     
10.9779      215.0000     
10.9789      217.2500     
10.9799      205.7500     
10.9809      201.7500     
10.9819      191.0000     
10.9829      203.7500     
10.9839      199.2500     
10.9849      201.2500     
10.9859      195.2500     
10.9869      181.2500     
10.9879      197.5000     
10.9889      193.7500     
10.9899      207.5000     
10.9909      195.2500     
10.9919      192.2500     
10.9929      194.2500     
10.9939      191.0000     
10.9949      198.2500     
10.9959      194.7500     
10.9969      194.0000     
10.9979      170.0000     
10.9989      191.5000     
10.9999      183.2500     
11.0009      178.2500     
11.0019      192.7500     
11.0029      191.7500     
11.0039      196.7500     
11.0049      179.0000     
11.0059      183.7500     
11.0069      183.0000     
11.0079      173.0000     
11.0089      179.0000     
11.0099      187.5000     
11.0109      174.2500     
11.0119      176.7500     
11.0129      167.5000     
11.0139      166.7500     
11.0149      174.0000     
11.0159      178.5000     
11.0169      171.7500     
11.0179      170.0000     
11.0189      182.2500     
11.0199      184.0000     
11.0209      182.0000     
11.0219      163.7500     
11.0229      162.2500     
11.0239      168.0000     
11.0249      186.7500     
11.0259      178.0000     
11.0269      158.7500     
11.0279      165.2500     
11.0289      167.0000     
11.0299      161.5000     
11.0309      155.0000     
11.0319      162.2500     
11.0329      165.5000     
11.0339      155.5000     
11.0349      152.7500     
11.0359      164.2500     
11.0369      161.2500     
11.0379      158.2500     
11.0389      159.7500     
11.0399      139.2500     
11.0409      154.0000     
11.0419      160.0000     
11.0429      158.2500     
11.0439      158.0000     
11.0449      145.2500     
11.0459      153.7500     
11.0469      151.7500     
11.0479      150.5000     
11.0489      139.7500     
11.0499      159.0000     
11.0509      143.2500     
11.0519      147.2500     
11.0529      155.0000     
11.0539      148.2500     
11.0549      146.5000     
11.0559      141.0000     
11.0569      140.7500     
11.0579      145.7500     
11.0589      140.5000     
11.0599      140.0000     
11.0609      139.0000     
11.0619      140.5000     
11.0629      136.0000     
11.0639      140.5000     
11.0649      140.7500     
11.0659      129.2500     
11.0669      128.7500     
11.0679      121.5000     
11.0689      138.7500     
11.0699      119.7500     
11.0709      124.5000     
11.0719      126.0000     
11.0729      128.7500     
11.0739      127.0000     
11.0749      126.2500     
11.0759      133.7500     
11.0769      136.5000     
11.0779      123.7500     
11.0789      127.7500     
11.0799      138.5000     
11.0809      121.0000     
11.0819      122.5000     
11.0829      121.5000     
11.0839      129.0000     
11.0849      126.7500     
11.0859      130.7500     
11.0869      113.7500     
11.0879      112.0000     
11.0889      123.5000     
11.0899      111.5000     
11.0909      111.0000     
11.0919      118.0000     
11.0929      120.0000     
11.0939      119.5000     
11.0949      109.2500     
11.0959      108.2500     
11.0969      108.0000     
11.0979      108.7500     
11.0989      114.0000     
11.0999      116.5000     
11.1009      104.5000     
11.1019      103.7500     
11.1029      109.0000     
11.1039      119.2500     
11.1049      111.0000     
11.1059      102.5000     
11.1069      117.5000     
11.1079      99.5000      
11.1089      103.2500     
11.1099      103.2500     
11.1109      108.7500     
11.1119      92.7500      
11.1129      94.7500      
11.1139      103.5000     
11.1149      99.5000      
11.1159      98.0000      
11.1169      95.2500      
11.1179      97.7500      
11.1189      99.0000      
11.1199      89.0000      
11.1209      93.0000      
11.1219      91.0000      
11.1229      96.5000      
11.1239      87.5000      
11.1249      99.5000      
11.1259      90.7500      
11.1269      95.7500      
11.1279      88.0000      
11.1289      92.7500      
11.1299      87.2500      
11.1309      85.5000      
11.1319      90.2500      
11.1329      89.7500      
11.1339      85.0000      
11.1349      81.5000      
11.1359      79.2500      
11.1369      82.5000      
11.1379      85.0000      
11.1389      83.2500      
11.1399      83.7500      
11.1409      83.7500      
11.1419      74.7500      
11.1429      79.5000      
11.1439      79.7500      
11.1449      80.2500      
11.1459      80.7500      
11.1469      80.7500      
11.1479      83.7500      
11.1489      71.0000      
11.1499      84.5000      
11.1509      76.0000      
11.1519      70.7500      
11.1529      72.2500      
11.1539      82.0000      
11.1549      70.5000      
11.1559      81.5000      
11.1569      67.0000      
11.1579      73.5000      
11.1589      65.0000      
11.1599      77.5000      
11.1609      61.5000      
11.1619      69.7500      
11.1629      68.0000      
11.1639      67.5000      
11.1649      66.0000      
11.1659      59.5000      
11.1669      65.7500      
11.1679      65.5000      
11.1689      70.0000      
11.1699      62.5000      
11.1709      66.2500      
11.1719      62.2500      
11.1729      61.5000      
11.1739      54.5000      
11.1749      53.2500      
11.1759      62.0000      
11.1769      51.7500      
11.1779      60.5000      
11.1789      60.5000      
11.1799      55.2500      
11.1809      54.2500      
11.1819      58.5000      
11.1829      56.7500      
11.1839      56.2500      
11.1849      53.2500      
11.1859      49.7500      
11.1869      54.2500      
11.1879      54.5000      
11.1889      54.0000      
11.1899      51.0000      
11.1909      49.5000      
11.1919      48.2500      
11.1929      42.5000      
11.1939      49.0000      
11.1949      48.2500      
11.1959      51.0000      
11.1969      49.0000      
11.1979      46.7500      
11.1989      40.0000      
11.1999      41.2500      
11.2009      42.0000      
11.2019      38.7500      
11.2029      50.2500      
11.2039      39.7500      
11.2049      42.2500      
11.2059      47.7500      
11.2069      41.7500      
11.2079      42.7500      
11.2089      43.5000      
11.2099      38.5000      
11.2109      36.7500      
11.2119      40.0000      
11.2129      35.7500      
11.2139      36.2500      
11.2149      40.7500      
11.2159      37.0000      
11.2169      32.7500      
11.2179      27.2500      
11.2189      34.2500      
11.2199      33.2500      
11.2209      34.2500      
11.2219      32.7500      
11.2229      35.7500      
11.2239      31.0000      
11.2249      31.5000      
11.2259      30.2500      
11.2269      32.0000      
11.2279      29.5000      
11.2289      34.2500      
11.2299      32.0000      
11.2309      29.7500      
11.2319      34.2500      
11.2329      33.0000      
11.2339      29.5000      
11.2349      28.7500      
11.2359      25.2500      
11.2369      23.2500      
11.2379      27.7500      
11.2389      24.0000      
11.2399      26.7500      
11.2409      28.7500      
11.2419      23.7500      
11.2429      24.2500      
11.2439      21.0000      
11.2449      21.2500      
11.2459      22.2500      
11.2469      19.2500      
11.2479      22.7500      
11.2489      21.2500      
11.2499      21.0000      
11.2509      25.5000      
11.2519      17.7500      
11.2529      25.0000      
11.2539      18.7500      
11.2549      20.7500      
11.2559      19.5000      
11.2569      18.7500      
11.2579      17.0000      
11.2589      18.2500      
11.2599      17.5000      
11.2609      15.7500      
11.2619      19.2500      
11.2629      18.0000      
11.2639      19.2500      
11.2649      18.0000      
11.2659      14.2500      
11.2669      13.0000      
11.2679      14.7500      
11.2689      16.0000      
11.2699      13.2500      
11.2709      13.7500      
11.2719      13.0000      
11.2729      13.5000      
11.2739      13.2500      
11.2749      14.5000      
11.2759      17.0000      
11.2769      12.5000      
11.2779      13.0000      
11.2789      12.7500      
11.2799      13.7500      
11.2809      11.2500      
11.2819      11.0000      
11.2829      8.7500       
11.2839      8.7500       
11.2849      11.2500      
11.2859      11.5000      
11.2869      10.5000      
11.2879      9.0000       
11.2889      10.7500      
11.2899      9.7500       
11.2909      8.0000       
11.2919      9.7500       
11.2929      9.5000       
11.2939      8.2500       
11.2949      8.5000       
11.2959      11.2500      
11.2969      6.7500       
11.2979      8.0000       
11.2989      7.7500       
11.2999      9.7500       
11.3009      8.5000       
11.3019      6.0000       
11.3029      7.2500       
11.3039      7.2500       
11.3049      9.0000       
11.3059      5.2500       
11.3069      6.5000       
11.3079      7.0000       
11.3089      8.7500       
11.3099      5.5000       
11.3109      6.7500       
11.3119      5.5000       
11.3129      7.5000       
11.3139      9.2500       
11.3149      5.5000       
11.3159      6.0000       
11.3169      4.7500       
11.3179      5.7500       
11.3189      3.5000       
11.3199      7.0000       
11.3209      5.7500       
11.3219      5.7500       
11.3229      5.2500       
11.3239      2.2500       
11.3249      5.0000       
11.3259      3.2500       
11.3269      3.5000       
11.3279      4.5000       
11.3289      3.7500       
11.3299      3.0000       
11.3309      5.7500       
11.3319      4.2500       
11.3329      2.2500       
11.3339      2.7500       
11.3349      2.5000       
11.3359      1.2500       
11.3369      3.7500       
11.3379      3.2500       
11.3389      3.2500       
11.3399      4.2500       
11.3409      2.0000       
11.3419      5.0000       
11.3429      3.2500       
11.3439      1.7500       
11.3449      1.7500       
11.3459      2.2500       
11.3469      3.2500       
11.3479      1.2500       
11.3489      3.2500       
11.3499      1.7500       
11.3509      1.2500       
11.3519      2.5000       
11.3529      2.7500       
11.3539      3.0000       
11.3549      0.5000       
11.3559      2.0000       
11.3569      1.7500       
11.3579      2.5000       
11.3589      1.2500       
11.3599      1.7500       
11.3609      0.7500       
11.3619      1.2500       
11.3629      1.7500       
11.3639      1.2500       
11.3649      1.2500       
11.3659      0.5000       
11.3669      2.0000       
11.3679      0.7500       
11.3689      1.0000       
11.3699      1.5000       
11.3709      0.7500       
11.3719      2.0000       
11.3729      0.7500       
11.3739      0.5000       
11.3749      1.0000       
11.3759      0.7500       
11.3769      0.2500       
11.3779      1.5000       
11.3789      0.7500       
11.3799      1.2500       
11.3809      0.7500       
11.3819      1.7500       
11.3829      0.7500       
11.3839      0.5000       
11.3849      0.2500       
11.3859      0.2500       
11.3869      1.2500       
11.3879      1.2500       
11.3889      0.7500       
11.3899      0.5000       
11.3909      0.5000       
11.3919      1.0000       
11.3929      0.7500       
11.3939      0.7500       
11.3949      0.2500       
11.3959      0.2500       
11.3969      0.0000       
11.3979      0.7500       
11.3989      0.2500       
11.3999      0.2500       
11.4009      0.5000       
11.4019      0.5000       
11.4029      0.2500       
11.4039      0.7500       
11.4049      0.7500       
11.4059      0.5000       
11.4069      0.2500       
11.4079      0.5000       
11.4089      0.7500       
11.4099      0.7500       
11.4109      0.5000       
11.4119      0.2500       
11.4129      0.5000       
11.4139      0.5000       
11.4149      0.0000       
11.4159      0.0000       
11.4169      0.0000       
11.4179      0.0000       
11.4189      0.5000       
11.4199      0.5000       
11.4209      0.0000       
11.4219      0.2500       
11.4229      0.0000       
11.4239      0.0000       
11.4249      1.0000       
11.4259      0.2500       
11.4269      0.2500       
11.4279      0.5000       
11.4289      0.0000       
11.4299      0.0000       
11.4309      0.2500       
11.4319      0.0000       
11.4329      0.2500       
11.4339      0.2500       
11.4349      0.2500       
11.4359      0.0000       
11.4369      0.0000       
11.4379      0.5000       
11.4389      0.2500       
11.4399      0.0000       
11.4409      0.0000       
11.4419      0.0000       
11.4429      0.2500       
11.4439      0.0000       
11.4449      0.0000       
11.4459      0.0000       
11.4469      0.2500       
11.4479      0.0000       
11.4489      0.0000       
11.4499      0.2500       
11.4509      0.0000       
11.4519      0.0000       
11.4529      0.0000       
11.4539      0.0000       
11.4549      0.0000       
11.4559      0.0000       
11.4569      0.0000       
11.4579      0.0000       
11.4589      0.0000       
11.4599      0.0000       
11.4609      0.0000       
11.4619      0.2500       
11.4629      0.0000       
11.4639      0.2500       
11.4649      0.0000       
11.4659      0.5000       
11.4669      0.0000       
11.4679      0.0000       
11.4689      0.0000       
11.4699      0.0000       
11.4709      0.0000       
11.4719      0.0000       
11.4729      0.0000       
11.4739      0.2500       
11.4749      0.2500       
11.4759      0.0000       
11.4769      0.0000       
11.4779      0.0000       
11.4789      0.0000       
11.4799      0.0000       
11.4809      0.0000       
11.4819      0.0000       
11.4829      0.0000       
11.4839      0.2500       
11.4849      0.0000       
11.4859      0.0000       
11.4869      0.0000       
11.4879      0.0000       
11.4889      0.0000       
11.4899      0.0000       
11.4909      0.0000       
11.4919      0.0000       
11.4929      0.0000       
11.4939      0.0000       
11.4949      0.0000       
11.4959      0.0000       
11.4969      0.0000       
11.4979      0.0000       
11.4989      0.0000       
11.4999      0.0000       
11.5009      0.0000       
11.5019      0.0000       
11.5029      0.0000       
11.5039      0.0000       
11.5049      0.0000       
11.5059      0.0000       
11.5069      0.0000       
11.5079      0.0000       
11.5089      0.0000       
11.5099      0.0000       
11.5109      0.0000       
11.5119      0.0000       
11.5129      0.0000       
11.5139      0.0000       
11.5149      0.0000       
11.5159      0.0000       
11.5169      0.0000       
11.5179      0.0000       
11.5189      0.0000       
11.5199      0.0000       
11.5209      0.0000       
11.5219      0.0000       
11.5229      0.0000       
11.5239      0.0000       
11.5249      0.0000       
11.5259      0.0000       
11.5269      0.0000       
11.5279      0.0000       
11.5289      0.0000       
11.5299      0.0000       
11.5309      0.0000       
11.5319      0.0000       
11.5329      0.0000       
11.5339      0.0000       
11.5349      0.0000       
11.5359      0.0000       
11.5369      0.0000       
11.5379      0.0000       
11.5389      0.0000       
11.5399      0.0000       
11.5409      0.0000       
11.5419      0.0000       
11.5429      0.0000       
11.5439      0.0000       
11.5449      0.0000       
11.5459      0.0000       
11.5469      0.0000       
11.5479      0.0000       
11.5489      0.0000       
11.5499      0.0000       
11.5509      0.0000       
11.5519      0.0000       
11.5529      0.0000       
11.5539      0.0000       
11.5549      0.0000       
11.5559      0.0000       
11.5569      0.0000       
11.5579      0.0000       
11.5589      0.0000       
11.5599      0.0000       
11.5609      0.0000       
11.5619      0.0000       
11.5629      0.0000       
11.5639      0.0000       
11.5649      0.0000       
11.5659      0.0000       
11.5669      0.0000       
11.5679      0.0000       
11.5689      0.0000       
11.5699      0.0000       
11.5709      0.0000       
11.5719      0.0000       
11.5729      0.0000       
11.5739      0.0000       
11.5749      0.0000       
11.5759      0.0000       
11.5769      0.0000       
11.5779      0.0000       
11.5789      0.0000       
11.5799      0.0000       
11.5809      0.0000       
11.5819      0.0000       
11.5829      0.0000       
11.5839      0.0000       
11.5849      0.0000       
