0.0000000    1.0000000    1.0000000    
0.0080000    0.9971343    0.9952064    
0.0160000    0.9810810    0.9810545    
0.0240000    0.9583366    0.9582171    
0.0320000    0.9292814    0.9277700    
0.0400000    0.8913860    0.8911262    
0.0480000    0.8517223    0.8499519    
0.0560000    0.8059069    0.8060678    
0.0640000    0.7566139    0.7613441    
0.0720000    0.7124937    0.7175954    
0.0800000    0.6657458    0.6764831    
0.0880000    0.6289113    0.6394307    
0.0960000    0.5975355    0.6075561    
0.1040000    0.5704156    0.5816273    
0.1120000    0.5473937    0.5620394    
0.1200000    0.5368919    0.5488163    
0.1280000    0.5277208    0.5416346    
0.1360000    0.5274671    0.5398663    
0.1440000    0.5320417    0.5426384    
0.1520000    0.5390404    0.5489026    
0.1600000    0.5480623    0.5575121    
0.1680000    0.5623366    0.5672994    
0.1760000    0.5787981    0.5771507    
0.1840000    0.5894512    0.5860721    
0.1920000    0.5967776    0.5932443    
0.2000000    0.6064030    0.5980633    
0.2080000    0.6122986    0.6001650    
0.2160000    0.6121624    0.5994324    
0.2240000    0.6083147    0.5959878    
0.2320000    0.6115704    0.5901679    
0.2400000    0.5995552    0.5824879    
0.2480000    0.5913094    0.5735946    
0.2560000    0.5807055    0.5642128    
0.2640000    0.5730680    0.5550894    
0.2720000    0.5656420    0.5469385    
0.2800000    0.5620175    0.5403909    
0.2880000    0.5508970    0.5359516    
0.2960000    0.5471334    0.5339680    
0.3040000    0.5503200    0.5346103    
0.3120000    0.5566939    0.5378653    
0.3200000    0.5606673    0.5435431    
0.3280000    0.5651356    0.5512963    
0.3360000    0.5749088    0.5606499    
0.3440000    0.5816978    0.5710388    
0.3520000    0.5942215    0.5818505    
0.3600000    0.6019943    0.5924696    
0.3680000    0.6070243    0.6023206    
0.3760000    0.6191067    0.6109068    
0.3840000    0.6219221    0.6178409    
0.3920000    0.6267784    0.6228681    
0.4000000    0.6196694    0.6258767    
0.4080000    0.6261344    0.6269001    
0.4160000    0.6196670    0.6261061    
0.4240000    0.6170659    0.6237783    
0.4320000    0.6104340    0.6202886    
0.4400000    0.5990709    0.6160657    
0.4480000    0.5935736    0.6115587    
0.4560000    0.5911442    0.6072031    
0.4640000    0.5853909    0.6033868    
0.4720000    0.5810379    0.6004233    
0.4800000    0.5784386    0.5985297    
0.4880000    0.5829625    0.5978147    
0.4960000    0.5756500    0.5982742    
0.5040000    0.5856297    0.5997961    
0.5120000    0.5844789    0.6021739    
0.5200000    0.5866843    0.6051262    
0.5280000    0.5970826    0.6083220    
0.5360000    0.5996526    0.6114090    
0.5440000    0.6039133    0.6140424    
0.5520000    0.6073533    0.6159123    
0.5600000    0.6152890    0.6167680    
0.5680000    0.6151039    0.6164361    
0.5760000    0.6110702    0.6148336    
0.5840000    0.6084557    0.6119727    
0.5920000    0.6103958    0.6079585    
0.6000000    0.6058254    0.6029805    
0.6080000    0.5968550    0.5972973    
0.6160000    0.5939664    0.5912174    
0.6240000    0.5870485    0.5850759    
0.6320000    0.5802964    0.5792109    
0.6400000    0.5726019    0.5739400    
0.6480000    0.5693248    0.5695384    
0.6560000    0.5665509    0.5662216    
0.6640000    0.5627653    0.5641315    
0.6720000    0.5593415    0.5633298    
0.6800000    0.5601873    0.5637953    
0.6880000    0.5685316    0.5654288    
0.6960000    0.5662928    0.5680623    
0.7040000    0.5750545    0.5714731    
0.7120000    0.5810654    0.5754014    
0.7200000    0.5835347    0.5795701    
0.7280000    0.5922287    0.5837044    
0.7360000    0.5941745    0.5875517    
0.7440000    0.5988129    0.5908980    
0.7520000    0.5986907    0.5935822    
0.7600000    0.5972943    0.5955043    
0.7680000    0.5976346    0.5966308    
0.7760000    0.5983517    0.5969927    
0.7840000    0.6060857    0.5966810    
0.7920000    0.6013365    0.5958357    
0.8000000    0.5966233    0.5946334    
0.8080000    0.5901443    0.5932710    
0.8160000    0.5838295    0.5919495    
0.8240000    0.5835551    0.5908576    
0.8320000    0.5812325    0.5901570    
0.8400000    0.5796740    0.5899704    
0.8480000    0.5810696    0.5903723    
0.8560000    0.5816156    0.5913848    
0.8640000    0.5826552    0.5929767    
0.8720000    0.5866551    0.5950666    
0.8800000    0.5862057    0.5975307    
0.8880000    0.5906316    0.6002122    
0.8960000    0.5925639    0.6029339    
0.9040000    0.5936185    0.6055116    
0.9120000    0.6016112    0.6077674    
0.9200000    0.6032434    0.6095428    
0.9280000    0.6080995    0.6107098    
0.9360000    0.6082934    0.6111795    
0.9440000    0.6074795    0.6109078    
0.9520000    0.6093044    0.6098981    
0.9600000    0.6048526    0.6082000    
0.9680000    0.6038317    0.6059052    
0.9760000    0.6027552    0.6031406    
0.9840000    0.6003074    0.6000592    
0.9920000    0.5951074    0.5968284    
1.0000000    0.5967716    0.5936193    
1.0080000    0.5925875    0.5905946    
1.0160000    0.5884262    0.5878981    
1.0240000    0.5876234    0.5856460    
1.0320000    0.5858659    0.5839198    
1.0400000    0.5776420    0.5827631    
1.0480000    0.5825797    0.5821799    
1.0560000    0.5804037    0.5821369    
1.0640000    0.5796801    0.5825681    
1.0720000    0.5849411    0.5833812    
1.0800000    0.5836054    0.5844660    
1.0880000    0.5872220    0.5857037    
1.0960000    0.5875181    0.5869761    
1.1040000    0.5865372    0.5881745    
1.1120000    0.5928206    0.5892067    
1.1200000    0.5949682    0.5900034    
1.1280000    0.5965966    0.5905215    
1.1360000    0.5898634    0.5907458    
1.1440000    0.5929662    0.5906881    
1.1520000    0.5905492    0.5903848    
1.1600000    0.5880838    0.5898920    
1.1680000    0.5916153    0.5892805    
1.1760000    0.5903097    0.5886290    
1.1840000    0.5844223    0.5880177    
1.1920000    0.5862552    0.5875219    
1.2000000    0.5838104    0.5872066    
1.2080000    0.5829231    0.5871216    
1.2160000    0.5781765    0.5872986    
1.2240000    0.5825500    0.5877492    
1.2320000    0.5837990    0.5884647    
1.2400000    0.5853748    0.5894174    
1.2480000    0.5862121    0.5905627    
1.2560000    0.5873686    0.5918431    
1.2640000    0.5885662    0.5931920    
1.2720000    0.5944906    0.5945389    
1.2800000    0.5960413    0.5958141    
1.2880000    0.5971260    0.5969533    
1.2960000    0.5991303    0.5979019    
1.3040000    0.5983409    0.5986184    
1.3120000    0.5965284    0.5990768    
1.3200000    0.6008857    0.5992676    
1.3280000    0.5977562    0.5991981    
1.3360000    0.5981745    0.5988911    
1.3440000    0.6001082    0.5983830    
1.3520000    0.5991826    0.5977202    
1.3600000    0.5977941    0.5969560    
1.3680000    0.5989852    0.5961459    
