9.3676       0.0000       
9.3686       0.0000       
9.3696       0.0000       
9.3706       0.0000       
9.3716       0.0000       
9.3726       0.0000       
9.3736       0.0000       
9.3746       0.0000       
9.3756       0.0000       
9.3766       0.0000       
9.3776       0.0000       
9.3786       0.0000       
9.3796       0.0000       
9.3806       0.0000       
9.3816       0.0000       
9.3826       0.0000       
9.3836       0.0000       
9.3846       0.0000       
9.3856       0.0000       
9.3866       0.0000       
9.3876       0.0000       
9.3886       0.0000       
9.3896       0.0000       
9.3906       0.0000       
9.3916       0.0000       
9.3926       0.0000       
9.3936       0.0000       
9.3946       0.0000       
9.3956       0.0000       
9.3966       0.0000       
9.3976       0.0000       
9.3986       0.0000       
9.3996       0.0000       
9.4006       0.0000       
9.4016       0.0000       
9.4026       0.0000       
9.4036       0.0000       
9.4046       0.0000       
9.4056       0.0000       
9.4066       0.0000       
9.4076       0.0000       
9.4086       0.0000       
9.4096       0.0000       
9.4106       0.0000       
9.4116       0.0000       
9.4126       0.0000       
9.4136       0.0000       
9.4146       0.0000       
9.4156       0.0000       
9.4166       0.0000       
9.4176       0.0000       
9.4186       0.0000       
9.4196       0.0000       
9.4206       0.0000       
9.4216       0.0000       
9.4226       0.0000       
9.4236       0.0000       
9.4246       0.0000       
9.4256       0.0000       
9.4266       0.0000       
9.4276       0.0000       
9.4286       0.0000       
9.4296       0.0000       
9.4306       0.0000       
9.4316       0.0000       
9.4326       0.0000       
9.4336       0.0000       
9.4346       0.0000       
9.4356       0.0000       
9.4366       0.0000       
9.4376       0.0000       
9.4386       0.0000       
9.4396       0.0000       
9.4406       0.0000       
9.4416       0.0000       
9.4426       0.0000       
9.4436       0.0000       
9.4446       0.0000       
9.4456       0.0000       
9.4466       0.0000       
9.4476       0.0000       
9.4486       0.0000       
9.4496       0.0000       
9.4506       0.0000       
9.4516       0.0000       
9.4526       0.0000       
9.4536       0.0000       
9.4546       0.0000       
9.4556       0.0000       
9.4566       0.0000       
9.4576       0.0000       
9.4586       0.0000       
9.4596       0.0000       
9.4606       0.0000       
9.4616       0.0000       
9.4626       0.0000       
9.4636       0.0000       
9.4646       0.0000       
9.4656       0.0000       
9.4666       0.0000       
9.4676       0.3333       
9.4686       0.0000       
9.4696       0.0000       
9.4706       0.0000       
9.4716       0.3333       
9.4726       0.6667       
9.4736       0.0000       
9.4746       0.3333       
9.4756       0.0000       
9.4766       1.0000       
9.4776       0.0000       
9.4786       0.3333       
9.4796       0.3333       
9.4806       0.6667       
9.4816       0.6667       
9.4826       0.3333       
9.4836       0.6667       
9.4846       1.0000       
9.4856       0.3333       
9.4866       1.3333       
9.4876       2.3333       
9.4886       0.3333       
9.4896       0.0000       
9.4906       3.6667       
9.4916       3.6667       
9.4926       2.6667       
9.4936       5.6667       
9.4946       5.3333       
9.4956       5.3333       
9.4966       9.0000       
9.4976       12.6667      
9.4986       10.3333      
9.4996       14.6667      
9.5006       16.2500      
9.5016       19.6667      
9.5026       24.2500      
9.5036       24.6667      
9.5046       30.3333      
9.5056       37.3333      
9.5066       36.6667      
9.5076       40.6667      
9.5086       48.3333      
9.5096       66.3333      
9.5106       64.0000      
9.5116       71.6667      
9.5126       82.3333      
9.5136       99.5833      
9.5146       118.3333     
9.5156       121.0000     
9.5166       130.3333     
9.5176       176.2500     
9.5186       182.6667     
9.5196       202.3333     
9.5206       213.0000     
9.5216       235.6667     
9.5226       273.9167     
9.5236       286.3333     
9.5246       304.0000     
9.5256       351.6667     
9.5266       391.3333     
9.5276       417.9167     
9.5286       441.0000     
9.5296       502.6667     
9.5306       552.6667     
9.5316       583.2500     
9.5326       627.0000     
9.5336       678.5833     
9.5346       716.5833     
9.5356       768.6667     
9.5366       795.2500     
9.5376       844.6667     
9.5386       907.0000     
9.5396       963.6667     
9.5406       1042.0833    
9.5416       1046.0000    
9.5426       1118.9167    
9.5436       1160.3333    
9.5446       1224.9167    
9.5456       1270.9167    
9.5466       1335.2500    
9.5476       1387.9167    
9.5486       1428.6667    
9.5496       1553.2500    
9.5506       1536.0000    
9.5516       1642.5833    
9.5526       1667.1667    
9.5536       1703.2500    
9.5546       1761.5833    
9.5556       1777.5833    
9.5566       1858.9167    
9.5576       1861.2500    
9.5586       1887.1667    
9.5596       1934.7500    
9.5606       2036.1667    
9.5616       2023.2500    
9.5626       2025.0833    
9.5636       2100.2500    
9.5646       2120.3333    
9.5656       2152.9167    
9.5666       2175.6667    
9.5676       2191.8333    
9.5686       2280.0833    
9.5696       2249.8333    
9.5706       2256.1667    
9.5716       2369.5833    
9.5726       2274.5833    
9.5736       2389.3333    
9.5746       2333.0000    
9.5756       2376.8333    
9.5766       2354.3333    
9.5776       2412.1667    
9.5786       2420.6667    
9.5796       2446.2500    
9.5806       2459.2500    
9.5816       2464.5000    
9.5826       2462.8333    
9.5836       2503.5000    
9.5846       2514.0000    
9.5856       2557.0000    
9.5866       2548.0000    
9.5876       2516.0833    
9.5886       2548.7500    
9.5896       2535.5000    
9.5906       2542.9167    
9.5916       2593.7500    
9.5926       2607.8333    
9.5936       2670.4167    
9.5946       2663.0833    
9.5956       2658.7500    
9.5966       2701.4167    
9.5976       2676.9167    
9.5986       2711.2500    
9.5996       2763.2500    
9.6006       2767.1667    
9.6016       2775.9167    
9.6026       2823.4167    
9.6036       2818.5000    
9.6046       2848.1667    
9.6056       2889.6667    
9.6066       2927.9167    
9.6076       2946.5000    
9.6086       3009.1667    
9.6096       3090.8333    
9.6106       3023.9167    
9.6116       3103.4167    
9.6126       3166.6667    
9.6136       3262.6667    
9.6146       3310.3333    
9.6156       3385.6667    
9.6166       3460.5833    
9.6176       3512.8333    
9.6186       3615.5000    
9.6196       3649.8333    
9.6206       3866.3333    
9.6216       3881.2500    
9.6226       4041.9167    
9.6236       4117.0833    
9.6246       4213.1667    
9.6256       4361.6667    
9.6266       4548.5000    
9.6276       4639.8333    
9.6286       4856.5833    
9.6296       4906.1667    
9.6306       5061.5833    
9.6316       5285.5000    
9.6326       5418.7500    
9.6336       5609.6667    
9.6346       5791.0833    
9.6356       5963.2500    
9.6366       6196.8333    
9.6376       6365.2500    
9.6386       6603.9167    
9.6396       6699.6667    
9.6406       6779.8333    
9.6416       7136.0833    
9.6426       7163.9167    
9.6436       7463.3333    
9.6446       7630.5000    
9.6456       7704.4167    
9.6466       7904.7500    
9.6476       7961.8333    
9.6486       8289.0000    
9.6496       8351.5833    
9.6506       8491.5833    
9.6516       8611.1667    
9.6526       8595.1667    
9.6536       8862.3333    
9.6546       8976.5000    
9.6556       9040.5833    
9.6566       9038.0000    
9.6576       9036.0000    
9.6586       9093.0833    
9.6596       9181.8333    
9.6606       9030.1667    
9.6616       9001.3333    
9.6626       9054.0000    
9.6636       9063.2500    
9.6646       8867.2500    
9.6656       8966.7500    
9.6666       8746.5833    
9.6676       8568.3333    
9.6686       8529.9167    
9.6696       8508.5833    
9.6706       8426.0833    
9.6716       8288.5000    
9.6726       8134.5833    
9.6736       7996.3333    
9.6746       7833.1667    
9.6756       7691.2500    
9.6766       7611.6667    
9.6776       7465.9167    
9.6786       7274.4167    
9.6796       7093.4167    
9.6806       7072.1667    
9.6816       6884.9167    
9.6826       6715.5000    
9.6836       6724.3333    
9.6846       6454.3333    
9.6856       6274.5833    
9.6866       6202.6667    
9.6876       6149.2500    
9.6886       6140.2500    
9.6896       5918.8333    
9.6906       5894.4167    
9.6916       5782.0833    
9.6926       5711.4167    
9.6936       5647.5000    
9.6946       5499.1667    
9.6956       5513.4167    
9.6966       5432.8333    
9.6976       5422.1667    
9.6986       5406.9167    
9.6996       5322.2500    
9.7006       5262.5833    
9.7016       5220.4167    
9.7026       5248.9167    
9.7036       5241.1667    
9.7046       5234.3333    
9.7056       5191.1667    
9.7066       5185.8333    
9.7076       5265.7500    
9.7086       5253.5833    
9.7096       5189.9167    
9.7106       5203.9167    
9.7116       5259.5000    
9.7126       5123.9167    
9.7136       5234.8333    
9.7146       5196.8333    
9.7156       5121.5833    
9.7166       5175.7500    
9.7176       5185.1667    
9.7186       5211.7500    
9.7196       5244.6667    
9.7206       5152.2500    
9.7216       5033.1667    
9.7226       5138.6667    
9.7236       5097.1667    
9.7246       5014.1667    
9.7256       5005.4167    
9.7266       4932.0000    
9.7276       4853.6667    
9.7286       4847.8333    
9.7296       4743.0000    
9.7306       4702.8333    
9.7316       4776.5000    
9.7326       4669.8333    
9.7336       4585.5833    
9.7346       4543.5833    
9.7356       4373.0000    
9.7366       4262.5000    
9.7376       4290.1667    
9.7386       4051.3333    
9.7396       4034.6667    
9.7406       3893.3333    
9.7416       3811.1667    
9.7426       3689.9167    
9.7436       3581.0000    
9.7446       3434.5000    
9.7456       3327.1667    
9.7466       3284.5000    
9.7476       3098.5833    
9.7486       3019.8333    
9.7496       2828.0833    
9.7506       2739.6667    
9.7516       2646.5000    
9.7526       2543.0833    
9.7536       2403.0833    
9.7546       2306.3333    
9.7556       2225.0833    
9.7566       2092.7500    
9.7576       2011.3333    
9.7586       1922.8333    
9.7596       1829.8333    
9.7606       1746.2500    
9.7616       1644.5000    
9.7626       1561.5000    
9.7636       1507.0833    
9.7646       1407.2500    
9.7656       1397.5000    
9.7666       1287.8333    
9.7676       1197.4167    
9.7686       1205.4167    
9.7696       1097.3333    
9.7706       1064.7500    
9.7716       1012.6667    
9.7726       1018.2500    
9.7736       1006.0000    
9.7746       940.1667     
9.7756       923.7500     
9.7766       894.5000     
9.7776       893.9167     
9.7786       870.0833     
9.7796       869.9167     
9.7806       846.5833     
9.7816       841.5833     
9.7826       853.0000     
9.7836       863.0833     
9.7846       839.0000     
9.7856       815.2500     
9.7866       841.6667     
9.7876       842.1667     
9.7886       811.8333     
9.7896       833.7500     
9.7906       858.8333     
9.7916       860.7500     
9.7926       840.0000     
9.7936       868.7500     
9.7946       865.5000     
9.7956       868.0833     
9.7966       878.5000     
9.7976       865.3333     
9.7986       893.4167     
9.7996       898.0833     
9.8006       901.5833     
9.8016       924.3333     
9.8026       908.0833     
9.8036       935.8333     
9.8046       940.8333     
9.8056       938.9167     
9.8066       985.8333     
9.8076       975.3333     
9.8086       977.5833     
9.8096       995.6667     
9.8106       1013.7500    
9.8116       1028.2500    
9.8126       1027.8333    
9.8136       1042.0000    
9.8146       1042.5000    
9.8156       1027.5000    
9.8166       1095.7500    
9.8176       1108.0000    
9.8186       1093.0000    
9.8196       1081.0000    
9.8206       1113.2500    
9.8216       1097.3333    
9.8226       1137.2500    
9.8236       1126.5000    
9.8246       1132.2500    
9.8256       1136.2500    
9.8266       1147.0000    
9.8276       1142.5000    
9.8286       1187.0000    
9.8296       1185.2500    
9.8306       1213.0000    
9.8316       1160.7500    
9.8326       1205.2500    
9.8336       1206.2500    
9.8346       1233.0000    
9.8356       1262.0000    
9.8366       1256.0000    
9.8376       1283.2500    
9.8386       1273.2500    
9.8396       1282.7500    
9.8406       1293.7500    
9.8416       1305.5000    
9.8426       1286.2500    
9.8436       1314.5000    
9.8446       1325.7500    
9.8456       1298.0000    
9.8466       1345.0000    
9.8476       1319.2500    
9.8486       1323.2500    
9.8496       1368.7500    
9.8506       1332.5000    
9.8516       1367.0000    
9.8526       1388.2500    
9.8536       1387.7500    
9.8546       1404.5000    
9.8556       1380.0000    
9.8566       1397.2500    
9.8576       1431.7500    
9.8586       1399.0000    
9.8596       1401.5000    
9.8606       1421.5000    
9.8616       1422.2500    
9.8626       1427.2500    
9.8636       1463.0000    
9.8646       1445.5000    
9.8656       1447.7500    
9.8666       1452.2500    
9.8676       1435.7500    
9.8686       1490.5000    
9.8696       1443.5000    
9.8706       1502.7500    
9.8716       1498.7500    
9.8726       1512.7500    
9.8736       1500.2500    
9.8746       1499.0000    
9.8756       1493.0000    
9.8766       1542.0000    
9.8776       1514.2500    
9.8786       1515.2500    
9.8796       1567.7500    
9.8806       1544.0000    
9.8816       1580.7500    
9.8826       1533.0000    
9.8836       1513.7500    
9.8846       1552.7500    
9.8856       1569.7500    
9.8866       1566.5000    
9.8876       1519.2500    
9.8886       1588.5000    
9.8896       1592.5000    
9.8906       1561.5000    
9.8916       1596.5000    
9.8926       1560.0000    
9.8936       1570.5000    
9.8946       1625.5000    
9.8956       1612.7500    
9.8966       1616.5000    
9.8976       1585.0000    
9.8986       1594.7500    
9.8996       1608.7500    
9.9006       1609.0000    
9.9016       1590.2500    
9.9026       1607.5000    
9.9036       1634.2500    
9.9046       1606.0000    
9.9056       1611.2500    
9.9066       1590.5000    
9.9076       1642.0000    
9.9086       1626.5000    
9.9096       1612.5000    
9.9106       1664.2500    
9.9116       1642.2500    
9.9126       1651.2500    
9.9136       1587.2500    
9.9146       1640.2500    
9.9156       1593.7500    
9.9166       1622.5000    
9.9176       1651.5000    
9.9186       1684.5000    
9.9196       1630.2500    
9.9206       1651.7500    
9.9216       1632.7500    
9.9226       1648.5000    
9.9236       1647.2500    
9.9246       1644.7500    
9.9256       1637.5000    
9.9266       1630.2500    
9.9276       1637.7500    
9.9286       1592.5000    
9.9296       1637.7500    
9.9306       1633.7500    
9.9316       1645.0000    
9.9326       1653.7500    
9.9336       1632.7500    
9.9346       1641.2500    
9.9356       1609.7500    
9.9366       1629.0000    
9.9376       1628.5000    
9.9386       1660.7500    
9.9396       1598.7500    
9.9406       1633.0000    
9.9416       1608.2500    
9.9426       1607.0000    
9.9436       1632.7500    
9.9446       1626.7500    
9.9456       1619.5000    
9.9466       1601.7500    
9.9476       1638.2500    
9.9486       1622.5000    
9.9496       1635.2500    
9.9506       1582.7500    
9.9516       1607.5000    
9.9526       1561.5000    
9.9536       1610.2500    
9.9546       1598.2500    
9.9556       1630.5000    
9.9566       1579.7500    
9.9576       1600.7500    
9.9586       1601.7500    
9.9596       1612.0000    
9.9606       1592.5000    
9.9616       1632.0000    
9.9626       1558.7500    
9.9636       1589.0000    
9.9646       1563.2500    
9.9656       1566.2500    
9.9666       1552.5000    
9.9676       1536.7500    
9.9686       1554.5000    
9.9696       1556.0000    
9.9706       1539.2500    
9.9716       1545.5000    
9.9726       1520.0000    
9.9736       1537.7500    
9.9746       1532.5000    
9.9756       1510.0000    
9.9766       1531.2500    
9.9776       1528.5000    
9.9786       1489.0000    
9.9796       1536.7500    
9.9806       1495.0000    
9.9816       1475.0000    
9.9826       1518.7500    
9.9836       1516.7500    
9.9846       1485.2500    
9.9856       1467.0000    
9.9866       1448.2500    
9.9876       1473.0000    
9.9886       1431.2500    
9.9896       1459.7500    
9.9906       1498.7500    
9.9916       1458.7500    
9.9926       1450.5000    
9.9936       1437.5000    
9.9946       1460.0000    
9.9956       1459.0000    
9.9966       1431.0000    
9.9976       1409.0000    
9.9986       1443.7500    
9.9996       1441.0000    
10.0006      1426.7500    
10.0016      1406.5000    
10.0026      1418.0000    
10.0036      1418.7500    
10.0046      1389.0000    
10.0056      1389.2500    
10.0066      1419.0000    
10.0076      1373.2500    
10.0086      1384.2500    
10.0096      1372.7500    
10.0106      1369.7500    
10.0116      1378.0000    
10.0126      1358.2500    
10.0136      1327.2500    
10.0146      1329.0000    
10.0156      1363.5000    
10.0166      1359.2500    
10.0176      1338.5000    
10.0186      1325.0000    
10.0196      1334.2500    
10.0206      1333.5000    
10.0216      1301.7500    
10.0226      1312.2500    
10.0236      1305.2500    
10.0246      1305.5000    
10.0256      1301.2500    
10.0266      1286.2500    
10.0276      1272.5000    
10.0286      1287.0000    
10.0296      1293.0000    
10.0306      1301.2500    
10.0316      1295.2500    
10.0326      1269.2500    
10.0336      1285.7500    
10.0346      1227.5000    
10.0356      1235.5000    
10.0366      1227.5000    
10.0376      1212.2500    
10.0386      1238.2500    
10.0396      1233.5000    
10.0406      1234.0000    
10.0416      1239.2500    
10.0426      1237.0000    
10.0436      1232.0000    
10.0446      1237.5000    
10.0456      1196.0000    
10.0466      1164.7500    
10.0476      1205.0000    
10.0486      1177.2500    
10.0496      1199.5000    
10.0506      1192.2500    
10.0516      1172.7500    
10.0526      1174.2500    
10.0536      1189.7500    
10.0546      1152.2500    
10.0556      1162.5000    
10.0566      1173.2500    
10.0576      1160.7500    
10.0586      1184.7500    
10.0596      1186.5000    
10.0606      1138.7500    
10.0616      1156.7500    
10.0626      1146.7500    
10.0636      1179.0000    
10.0646      1132.0000    
10.0656      1155.0000    
10.0666      1116.7500    
10.0676      1124.0000    
10.0686      1093.7500    
10.0696      1119.0000    
10.0706      1123.5000    
10.0716      1129.2500    
10.0726      1106.0000    
10.0736      1103.2500    
10.0746      1100.2500    
10.0756      1092.5000    
10.0766      1101.5000    
10.0776      1103.2500    
10.0786      1059.0000    
10.0796      1094.0000    
10.0806      1098.0000    
10.0816      1072.0000    
10.0826      1082.2500    
10.0836      1062.0000    
10.0846      1082.5000    
10.0856      1024.0000    
10.0866      1061.7500    
10.0876      1085.7500    
10.0886      1052.2500    
10.0896      1072.5000    
10.0906      1054.0000    
10.0916      1088.0000    
10.0926      1074.2500    
10.0936      1016.0000    
10.0946      1046.0000    
10.0956      1052.7500    
10.0966      1066.2500    
10.0976      1035.5000    
10.0986      1015.7500    
10.0996      1031.0000    
10.1006      1013.0000    
10.1016      1059.2500    
10.1026      1026.5000    
10.1036      1008.2500    
10.1046      1017.5000    
10.1056      1009.5000    
10.1066      999.0000     
10.1076      1025.2500    
10.1086      1010.2500    
10.1096      1033.0000    
10.1106      967.2500     
10.1116      999.7500     
10.1126      1011.5000    
10.1136      1005.2500    
10.1146      988.2500     
10.1156      1017.0000    
10.1166      994.5000     
10.1176      951.5000     
10.1186      1003.7500    
10.1196      971.2500     
10.1206      1009.0000    
10.1216      1009.0000    
10.1226      955.2500     
10.1236      979.0000     
10.1246      958.7500     
10.1256      962.0000     
10.1266      971.2500     
10.1276      955.7500     
10.1286      945.2500     
10.1296      965.5000     
10.1306      964.0000     
10.1316      940.0000     
10.1326      952.2500     
10.1336      986.0000     
10.1346      954.2500     
10.1356      958.2500     
10.1366      964.0000     
10.1376      946.2500     
10.1386      930.2500     
10.1396      959.2500     
10.1406      950.0000     
10.1416      913.0000     
10.1426      952.5000     
10.1436      932.5000     
10.1446      910.2500     
10.1456      921.7500     
10.1466      913.2500     
10.1476      942.7500     
10.1486      901.2500     
10.1496      910.7500     
10.1506      924.7500     
10.1516      920.7500     
10.1526      936.0000     
10.1536      913.0000     
10.1546      884.0000     
10.1556      910.0000     
10.1566      912.5000     
10.1576      892.7500     
10.1586      910.0000     
10.1596      924.5000     
10.1606      882.5000     
10.1616      899.7500     
10.1626      915.7500     
10.1636      882.7500     
10.1646      897.2500     
10.1656      904.5000     
10.1666      873.2500     
10.1676      898.2500     
10.1686      886.5000     
10.1696      875.2500     
10.1706      931.0000     
10.1716      886.5000     
10.1726      868.7500     
10.1736      863.7500     
10.1746      888.2500     
10.1756      883.7500     
10.1766      897.7500     
10.1776      864.0000     
10.1786      893.2500     
10.1796      883.0000     
10.1806      896.0000     
10.1816      887.2500     
10.1826      883.7500     
10.1836      882.5000     
10.1846      877.0000     
10.1856      857.5000     
10.1866      877.7500     
10.1876      879.2500     
10.1886      879.5000     
10.1896      847.7500     
10.1906      839.0000     
10.1916      852.2500     
10.1926      870.5000     
10.1936      866.0000     
10.1946      847.0000     
10.1956      858.5000     
10.1966      852.0000     
10.1976      839.7500     
10.1986      842.5000     
10.1996      866.0000     
10.2006      821.7500     
10.2016      847.0000     
10.2026      815.2500     
10.2036      841.5000     
10.2046      817.2500     
10.2056      848.2500     
10.2066      830.2500     
10.2076      839.0000     
10.2086      805.7500     
10.2096      847.0000     
10.2106      814.0000     
10.2116      809.7500     
10.2126      806.5000     
10.2136      845.5000     
10.2146      801.2500     
10.2156      815.0000     
10.2166      806.5000     
10.2176      804.5000     
10.2186      816.7500     
10.2196      804.7500     
10.2206      826.5000     
10.2216      795.0000     
10.2226      839.2500     
10.2236      805.5000     
10.2246      792.5000     
10.2256      805.0000     
10.2266      843.0000     
10.2276      810.0000     
10.2286      819.5000     
10.2296      806.5000     
10.2306      785.5000     
10.2316      814.2500     
10.2326      804.7500     
10.2336      787.2500     
10.2346      807.0000     
10.2356      797.2500     
10.2366      791.7500     
10.2376      814.7500     
10.2386      808.5000     
10.2396      812.0000     
10.2406      784.2500     
10.2416      787.5000     
10.2426      785.5000     
10.2436      814.5000     
10.2446      810.5000     
10.2456      764.7500     
10.2466      812.7500     
10.2476      793.5000     
10.2486      787.5000     
10.2496      789.0000     
10.2506      784.5000     
10.2516      764.7500     
10.2526      780.2500     
10.2536      802.0000     
10.2546      785.0000     
10.2556      775.7500     
10.2566      790.5000     
10.2576      791.2500     
10.2586      799.2500     
10.2596      799.0000     
10.2606      763.7500     
10.2616      763.5000     
10.2626      783.7500     
10.2636      749.2500     
10.2646      772.7500     
10.2656      762.5000     
10.2666      745.5000     
10.2676      770.2500     
10.2686      782.7500     
10.2696      759.5000     
10.2706      773.7500     
10.2716      774.7500     
10.2726      768.0000     
10.2736      743.5000     
10.2746      761.5000     
10.2756      750.5000     
10.2766      736.7500     
10.2776      764.2500     
10.2786      746.2500     
10.2796      774.0000     
10.2806      759.0000     
10.2816      751.7500     
10.2826      744.0000     
10.2836      756.2500     
10.2846      746.5000     
10.2856      765.5000     
10.2866      742.0000     
10.2876      777.2500     
10.2886      746.7500     
10.2896      763.5000     
10.2906      785.5000     
10.2916      752.5000     
10.2926      751.0000     
10.2936      727.5000     
10.2946      744.0000     
10.2956      761.7500     
10.2966      731.0000     
10.2976      755.7500     
10.2986      753.2500     
10.2996      746.7500     
10.3006      716.7500     
10.3016      712.0000     
10.3026      738.5000     
10.3036      728.2500     
10.3046      749.0000     
10.3056      726.0000     
10.3066      738.0000     
10.3076      727.2500     
10.3086      744.0000     
10.3096      745.0000     
10.3106      754.2500     
10.3116      734.7500     
10.3126      735.7500     
10.3136      716.5000     
10.3146      709.2500     
10.3156      748.5000     
10.3166      754.5000     
10.3176      716.7500     
10.3186      726.0000     
10.3196      742.7500     
10.3206      716.2500     
10.3216      732.5000     
10.3226      720.2500     
10.3236      699.2500     
10.3246      718.7500     
10.3256      703.0000     
10.3266      698.7500     
10.3276      712.5000     
10.3286      717.2500     
10.3296      734.2500     
10.3306      689.0000     
10.3316      730.5000     
10.3326      690.5000     
10.3336      697.0000     
10.3346      737.0000     
10.3356      698.0000     
10.3366      739.2500     
10.3376      701.0000     
10.3386      716.0000     
10.3396      705.0000     
10.3406      714.2500     
10.3416      718.7500     
10.3426      723.0000     
10.3436      718.5000     
10.3446      693.5000     
10.3456      713.2500     
10.3466      726.7500     
10.3476      708.0000     
10.3486      708.0000     
10.3496      706.5000     
10.3506      698.7500     
10.3516      686.0000     
10.3526      676.5000     
10.3536      691.0000     
10.3546      706.7500     
10.3556      690.0000     
10.3566      710.7500     
10.3576      709.2500     
10.3586      692.2500     
10.3596      693.7500     
10.3606      695.0000     
10.3616      703.7500     
10.3626      686.5000     
10.3636      678.5000     
10.3646      711.0000     
10.3656      700.7500     
10.3666      687.7500     
10.3676      708.7500     
10.3686      697.5000     
10.3696      692.7500     
10.3706      694.0000     
10.3716      699.5000     
10.3726      690.5000     
10.3736      666.2500     
10.3746      678.0000     
10.3756      677.7500     
10.3766      666.5000     
10.3776      681.0000     
10.3786      660.7500     
10.3796      685.2500     
10.3806      700.5000     
10.3816      680.5000     
10.3826      709.0000     
10.3836      678.0000     
10.3846      692.5000     
10.3856      672.7500     
10.3866      673.5000     
10.3876      673.5000     
10.3886      686.5000     
10.3896      669.5000     
10.3906      681.5000     
10.3916      673.7500     
10.3926      674.7500     
10.3936      686.0000     
10.3946      673.7500     
10.3956      665.2500     
10.3966      674.2500     
10.3976      700.2500     
10.3986      667.0000     
10.3996      664.2500     
10.4006      684.5000     
10.4016      695.2500     
10.4026      674.5000     
10.4036      695.2500     
10.4046      646.5000     
10.4056      667.2500     
10.4066      680.7500     
10.4076      677.0000     
10.4086      653.2500     
10.4096      662.7500     
10.4106      671.2500     
10.4116      678.7500     
10.4126      664.5000     
10.4136      661.7500     
10.4146      662.2500     
10.4156      684.5000     
10.4166      646.2500     
10.4176      657.0000     
10.4186      661.7500     
10.4196      661.7500     
10.4206      665.5000     
10.4216      671.0000     
10.4226      635.0000     
10.4236      650.2500     
10.4246      649.2500     
10.4256      656.5000     
10.4266      661.7500     
10.4276      658.5000     
10.4286      675.7500     
10.4296      655.2500     
10.4306      653.7500     
10.4316      660.2500     
10.4326      635.0000     
10.4336      679.2500     
10.4346      657.0000     
10.4356      628.5000     
10.4366      636.0000     
10.4376      629.0000     
10.4386      670.7500     
10.4396      671.0000     
10.4406      662.5000     
10.4416      652.7500     
10.4426      639.7500     
10.4436      638.5000     
10.4446      637.7500     
10.4456      652.0000     
10.4466      651.5000     
10.4476      632.7500     
10.4486      640.7500     
10.4496      631.7500     
10.4506      640.0000     
10.4516      648.7500     
10.4526      661.2500     
10.4536      619.7500     
10.4546      626.7500     
10.4556      629.5000     
10.4566      641.7500     
10.4576      626.0000     
10.4586      637.0000     
10.4596      621.2500     
10.4606      652.5000     
10.4616      644.2500     
10.4626      615.0000     
10.4636      620.2500     
10.4646      639.2500     
10.4656      625.0000     
10.4666      659.2500     
10.4676      630.7500     
10.4686      626.2500     
10.4696      635.0000     
10.4706      627.2500     
10.4716      663.2500     
10.4726      635.2500     
10.4736      629.2500     
10.4746      622.2500     
10.4756      607.2500     
10.4766      643.5000     
10.4776      629.0000     
10.4786      608.7500     
10.4796      603.2500     
10.4806      633.7500     
10.4816      606.2500     
10.4826      634.0000     
10.4836      610.0000     
10.4846      633.5000     
10.4856      611.2500     
10.4866      636.2500     
10.4876      624.7500     
10.4886      635.5000     
10.4896      611.2500     
10.4906      614.5000     
10.4916      636.5000     
10.4926      613.2500     
10.4936      632.5000     
10.4946      616.7500     
10.4956      592.0000     
10.4966      616.5000     
10.4976      619.2500     
10.4986      619.7500     
10.4996      628.0000     
10.5006      621.5000     
10.5016      623.5000     
10.5026      614.2500     
10.5036      611.7500     
10.5046      618.0000     
10.5056      632.7500     
10.5066      614.0000     
10.5076      610.0000     
10.5086      607.2500     
10.5096      620.2500     
10.5106      608.2500     
10.5116      579.5000     
10.5126      615.5000     
10.5136      600.7500     
10.5146      611.7500     
10.5156      615.2500     
10.5166      601.5000     
10.5176      621.0000     
10.5186      609.2500     
10.5196      593.5000     
10.5206      620.5000     
10.5216      619.2500     
10.5226      607.2500     
10.5236      601.0000     
10.5246      596.0000     
10.5256      627.7500     
10.5266      605.7500     
10.5276      584.7500     
10.5286      588.2500     
10.5296      607.0000     
10.5306      583.5000     
10.5316      592.7500     
10.5326      585.0000     
10.5336      596.7500     
10.5346      589.0000     
10.5356      602.2500     
10.5366      604.7500     
10.5376      604.0000     
10.5386      588.2500     
10.5396      596.7500     
10.5406      576.2500     
10.5416      612.2500     
10.5426      616.2500     
10.5436      587.2500     
10.5446      605.2500     
10.5456      584.7500     
10.5466      562.0000     
10.5476      593.5000     
10.5486      627.2500     
10.5496      572.7500     
10.5506      588.0000     
10.5516      588.5000     
10.5526      600.0000     
10.5536      589.0000     
10.5546      569.7500     
10.5556      586.5000     
10.5566      574.2500     
10.5576      579.2500     
10.5586      592.7500     
10.5596      589.2500     
10.5606      586.5000     
10.5616      574.2500     
10.5626      583.7500     
10.5636      581.7500     
10.5646      555.2500     
10.5656      566.5000     
10.5666      584.0000     
10.5676      575.0000     
10.5686      568.2500     
10.5696      570.0000     
10.5706      554.0000     
10.5716      588.5000     
10.5726      581.2500     
10.5736      582.7500     
10.5746      578.5000     
10.5756      571.2500     
10.5766      545.0000     
10.5776      565.7500     
10.5786      576.5000     
10.5796      576.0000     
10.5806      580.7500     
10.5816      576.2500     
10.5826      581.7500     
10.5836      583.5000     
10.5846      559.0000     
10.5856      577.7500     
10.5866      563.5000     
10.5876      577.5000     
10.5886      553.7500     
10.5896      589.5000     
10.5906      577.0000     
10.5916      576.2500     
10.5926      570.0000     
10.5936      572.7500     
10.5946      557.2500     
10.5956      569.5000     
10.5966      541.7500     
10.5976      567.0000     
10.5986      562.5000     
10.5996      544.5000     
10.6006      560.7500     
10.6016      559.5000     
10.6026      551.0000     
10.6036      577.0000     
10.6046      552.2500     
10.6056      548.2500     
10.6066      539.7500     
10.6076      555.7500     
10.6086      542.0000     
10.6096      536.2500     
10.6106      540.2500     
10.6116      547.2500     
10.6126      549.0000     
10.6136      536.7500     
10.6146      571.7500     
10.6156      554.2500     
10.6166      523.2500     
10.6176      546.7500     
10.6186      541.2500     
10.6196      534.2500     
10.6206      535.0000     
10.6216      538.2500     
10.6226      533.5000     
10.6236      545.0000     
10.6246      530.5000     
10.6256      541.7500     
10.6266      538.7500     
10.6276      535.0000     
10.6286      536.0000     
10.6296      538.7500     
10.6306      560.2500     
10.6316      540.0000     
10.6326      548.2500     
10.6336      532.7500     
10.6346      520.0000     
10.6356      521.7500     
10.6366      516.0000     
10.6376      518.7500     
10.6386      526.7500     
10.6396      493.5000     
10.6406      528.5000     
10.6416      517.7500     
10.6426      527.7500     
10.6436      538.0000     
10.6446      519.7500     
10.6456      531.2500     
10.6466      528.7500     
10.6476      521.2500     
10.6486      529.5000     
10.6496      518.2500     
10.6506      510.2500     
10.6516      519.5000     
10.6526      506.7500     
10.6536      514.2500     
10.6546      503.2500     
10.6556      509.2500     
10.6566      520.7500     
10.6576      502.7500     
10.6586      510.2500     
10.6596      501.7500     
10.6606      531.0000     
10.6616      517.2500     
10.6626      493.0000     
10.6636      485.5000     
10.6646      521.0000     
10.6656      517.7500     
10.6666      516.0000     
10.6676      503.7500     
10.6686      494.5000     
10.6696      484.7500     
10.6706      481.7500     
10.6716      492.5000     
10.6726      507.5000     
10.6736      500.2500     
10.6746      484.0000     
10.6756      493.2500     
10.6766      480.0000     
10.6776      494.5000     
10.6786      514.2500     
10.6796      488.7500     
10.6806      477.5000     
10.6816      466.2500     
10.6826      495.0000     
10.6836      489.2500     
10.6846      472.5000     
10.6856      472.5000     
10.6866      490.2500     
10.6876      477.0000     
10.6886      490.0000     
10.6896      477.2500     
10.6906      477.5000     
10.6916      468.5000     
10.6926      478.7500     
10.6936      467.2500     
10.6946      486.5000     
10.6956      472.7500     
10.6966      464.7500     
10.6976      489.0000     
10.6986      460.7500     
10.6996      462.5000     
10.7006      463.5000     
10.7016      463.5000     
10.7026      463.7500     
10.7036      466.0000     
10.7046      468.7500     
10.7056      459.5000     
10.7066      456.2500     
10.7076      461.5000     
10.7086      444.7500     
10.7096      445.2500     
10.7106      455.5000     
10.7116      454.5000     
10.7126      476.2500     
10.7136      455.0000     
10.7146      446.5000     
10.7156      427.0000     
10.7166      431.2500     
10.7176      440.5000     
10.7186      467.7500     
10.7196      465.2500     
10.7206      449.5000     
10.7216      433.0000     
10.7226      458.5000     
10.7236      464.2500     
10.7246      436.5000     
10.7256      439.5000     
10.7266      442.5000     
10.7276      443.7500     
10.7286      442.2500     
10.7296      440.0000     
10.7306      428.5000     
10.7316      452.2500     
10.7326      426.5000     
10.7336      417.7500     
10.7346      429.2500     
10.7356      419.7500     
10.7366      448.0000     
10.7376      421.2500     
10.7386      436.2500     
10.7396      441.5000     
10.7406      430.5000     
10.7416      437.2500     
10.7426      421.2500     
10.7436      425.5000     
10.7446      436.5000     
10.7456      428.7500     
10.7466      428.2500     
10.7476      420.7500     
10.7486      436.2500     
10.7496      416.0000     
10.7506      417.5000     
10.7516      396.0000     
10.7526      405.7500     
10.7536      414.7500     
10.7546      408.0000     
10.7556      412.0000     
10.7566      415.5000     
10.7576      426.7500     
10.7586      393.5000     
10.7596      414.2500     
10.7606      402.7500     
10.7616      407.2500     
10.7626      395.2500     
10.7636      388.7500     
10.7646      409.5000     
10.7656      397.7500     
10.7666      404.7500     
10.7676      412.2500     
10.7686      415.0000     
10.7696      382.7500     
10.7706      395.7500     
10.7716      402.0000     
10.7726      402.7500     
10.7736      393.5000     
10.7746      381.7500     
10.7756      392.5000     
10.7766      387.0000     
10.7776      385.7500     
10.7786      389.5000     
10.7796      387.0000     
10.7806      385.7500     
10.7816      387.7500     
10.7826      378.7500     
10.7836      369.5000     
10.7846      377.2500     
10.7856      385.2500     
10.7866      384.7500     
10.7876      373.0000     
10.7886      378.7500     
10.7896      376.5000     
10.7906      377.2500     
10.7916      382.5000     
10.7926      376.2500     
10.7936      351.7500     
10.7946      372.0000     
10.7956      378.2500     
10.7966      362.0000     
10.7976      366.0000     
10.7986      385.0000     
10.7996      355.5000     
10.8006      377.5000     
10.8016      388.0000     
10.8026      376.0000     
10.8036      362.7500     
10.8046      355.5000     
10.8056      351.0000     
10.8066      374.5000     
10.8076      360.0000     
10.8086      364.2500     
10.8096      364.5000     
10.8106      376.2500     
10.8116      351.7500     
10.8126      353.7500     
10.8136      351.7500     
10.8146      360.0000     
10.8156      346.0000     
10.8166      344.7500     
10.8176      345.2500     
10.8186      341.7500     
10.8196      350.5000     
10.8206      339.5000     
10.8216      360.0000     
10.8226      339.2500     
10.8236      328.2500     
10.8246      348.5000     
10.8256      336.0000     
10.8266      349.2500     
10.8276      329.5000     
10.8286      351.0000     
10.8296      328.7500     
10.8306      330.2500     
10.8316      339.7500     
10.8326      350.2500     
10.8336      358.5000     
10.8346      333.0000     
10.8356      335.0000     
10.8366      324.7500     
10.8376      327.0000     
10.8386      340.7500     
10.8396      335.5000     
10.8406      340.2500     
10.8416      328.2500     
10.8426      324.0000     
10.8436      333.7500     
10.8446      339.0000     
10.8456      323.0000     
10.8466      309.2500     
10.8476      313.5000     
10.8486      308.7500     
10.8496      300.2500     
10.8506      320.0000     
10.8516      317.5000     
10.8526      312.2500     
10.8536      317.7500     
10.8546      311.5000     
10.8556      316.0000     
10.8566      320.7500     
10.8576      317.5000     
10.8586      321.0000     
10.8596      303.0000     
10.8606      295.0000     
10.8616      288.5000     
10.8626      300.0000     
10.8636      312.5000     
10.8646      300.5000     
10.8656      289.5000     
10.8666      287.7500     
10.8676      287.0000     
10.8686      288.7500     
10.8696      311.2500     
10.8706      299.7500     
10.8716      298.2500     
10.8726      300.2500     
10.8736      305.2500     
10.8746      293.2500     
10.8756      300.7500     
10.8766      299.7500     
10.8776      289.7500     
10.8786      298.5000     
10.8796      273.7500     
10.8806      281.7500     
10.8816      291.2500     
10.8826      283.5000     
10.8836      281.7500     
10.8846      273.5000     
10.8856      286.5000     
10.8866      285.2500     
10.8876      287.2500     
10.8886      298.2500     
10.8896      282.7500     
10.8906      278.0000     
10.8916      280.2500     
10.8926      273.5000     
10.8936      289.0000     
10.8946      284.2500     
10.8956      291.5000     
10.8966      278.2500     
10.8976      272.7500     
10.8986      272.2500     
10.8996      283.0000     
10.9006      264.2500     
10.9016      276.5000     
10.9026      273.5000     
10.9036      268.0000     
10.9046      279.5000     
10.9056      273.5000     
10.9066      263.7500     
10.9076      269.2500     
10.9086      280.0000     
10.9096      271.0000     
10.9106      272.0000     
10.9116      267.5000     
10.9126      263.2500     
10.9136      253.7500     
10.9146      257.7500     
10.9156      262.0000     
10.9166      255.2500     
10.9176      267.7500     
10.9186      253.0000     
10.9196      234.5000     
10.9206      265.5000     
10.9216      262.7500     
10.9226      264.0000     
10.9236      246.2500     
10.9246      266.7500     
10.9256      260.7500     
10.9266      241.0000     
10.9276      242.0000     
10.9286      249.7500     
10.9296      251.5000     
10.9306      247.7500     
10.9316      239.7500     
10.9326      232.2500     
10.9336      250.7500     
10.9346      251.0000     
10.9356      263.0000     
10.9366      237.7500     
10.9376      221.5000     
10.9386      238.7500     
10.9396      253.2500     
10.9406      233.2500     
10.9416      243.5000     
10.9426      230.7500     
10.9436      246.5000     
10.9446      239.5000     
10.9456      239.7500     
10.9466      227.0000     
10.9476      227.0000     
10.9486      236.5000     
10.9496      213.7500     
10.9506      228.7500     
10.9516      218.7500     
10.9526      223.2500     
10.9536      214.5000     
10.9546      228.2500     
10.9556      228.2500     
10.9566      216.2500     
10.9576      227.7500     
10.9586      218.7500     
10.9596      223.7500     
10.9606      236.5000     
10.9616      217.2500     
10.9626      217.2500     
10.9636      221.7500     
10.9646      217.7500     
10.9656      222.7500     
10.9666      201.7500     
10.9676      222.5000     
10.9686      211.7500     
10.9696      207.0000     
10.9706      206.5000     
10.9716      225.0000     
10.9726      208.2500     
10.9736      214.2500     
10.9746      202.0000     
10.9756      210.5000     
10.9766      190.5000     
10.9776      217.2500     
10.9786      208.0000     
10.9796      208.2500     
10.9806      197.5000     
10.9816      203.2500     
10.9826      216.7500     
10.9836      199.0000     
10.9846      207.7500     
10.9856      197.5000     
10.9866      199.7500     
10.9876      204.7500     
10.9886      193.7500     
10.9896      190.7500     
10.9906      198.0000     
10.9916      198.7500     
10.9926      188.7500     
10.9936      184.0000     
10.9946      198.7500     
10.9956      185.5000     
10.9966      191.0000     
10.9976      186.0000     
10.9986      195.0000     
10.9996      190.7500     
11.0006      194.2500     
11.0016      187.0000     
11.0026      185.2500     
11.0036      186.5000     
11.0046      189.0000     
11.0056      181.7500     
11.0066      182.7500     
11.0076      181.2500     
11.0086      188.5000     
11.0096      185.7500     
11.0106      182.0000     
11.0116      183.0000     
11.0126      177.5000     
11.0136      173.5000     
11.0146      189.5000     
11.0156      168.2500     
11.0166      174.5000     
11.0176      176.7500     
11.0186      179.0000     
11.0196      173.2500     
11.0206      157.5000     
11.0216      169.0000     
11.0226      174.7500     
11.0236      175.5000     
11.0246      156.5000     
11.0256      165.5000     
11.0266      161.2500     
11.0276      180.7500     
11.0286      180.0000     
11.0296      150.5000     
11.0306      172.5000     
11.0316      160.0000     
11.0326      157.5000     
11.0336      161.5000     
11.0346      149.5000     
11.0356      153.7500     
11.0366      157.2500     
11.0376      159.7500     
11.0386      148.5000     
11.0396      159.0000     
11.0406      148.0000     
11.0416      158.5000     
11.0426      157.7500     
11.0436      163.7500     
11.0446      149.7500     
11.0456      144.7500     
11.0466      147.2500     
11.0476      149.0000     
11.0486      146.5000     
11.0496      149.7500     
11.0506      138.7500     
11.0516      139.5000     
11.0526      154.7500     
11.0536      148.5000     
11.0546      151.2500     
11.0556      155.2500     
11.0566      137.2500     
11.0576      140.2500     
11.0586      144.2500     
11.0596      143.7500     
11.0606      135.7500     
11.0616      144.7500     
11.0626      144.2500     
11.0636      144.5000     
11.0646      137.5000     
11.0656      142.2500     
11.0666      139.7500     
11.0676      128.0000     
11.0686      127.7500     
11.0696      133.5000     
11.0706      134.5000     
11.0716      147.7500     
11.0726      123.2500     
11.0736      134.7500     
11.0746      122.2500     
11.0756      129.5000     
11.0766      125.5000     
11.0776      125.7500     
11.0786      125.2500     
11.0796      128.5000     
11.0806      137.5000     
11.0816      132.2500     
11.0826      113.0000     
11.0836      125.7500     
11.0846      124.2500     
11.0856      120.0000     
11.0866      117.7500     
11.0876      119.2500     
11.0886      125.7500     
11.0896      112.5000     
11.0906      117.0000     
11.0916      117.0000     
11.0926      113.7500     
11.0936      109.2500     
11.0946      118.7500     
11.0956      104.7500     
11.0966      117.7500     
11.0976      116.7500     
11.0986      108.7500     
11.0996      114.0000     
11.1006      112.2500     
11.1016      105.5000     
11.1026      111.7500     
11.1036      104.5000     
11.1046      106.0000     
11.1056      108.5000     
11.1066      109.7500     
11.1076      100.2500     
11.1086      106.5000     
11.1096      99.0000      
11.1106      103.0000     
11.1116      105.7500     
11.1126      98.7500      
11.1136      102.2500     
11.1146      89.5000      
11.1156      96.0000      
11.1166      91.7500      
11.1176      102.7500     
11.1186      101.7500     
11.1196      96.2500      
11.1206      84.5000      
11.1216      89.2500      
11.1226      93.7500      
11.1236      95.5000      
11.1246      93.7500      
11.1256      96.0000      
11.1266      90.0000      
11.1276      89.0000      
11.1286      84.5000      
11.1296      92.2500      
11.1306      94.7500      
11.1316      92.5000      
11.1326      91.5000      
11.1336      93.2500      
11.1346      84.7500      
11.1356      81.0000      
11.1366      83.0000      
11.1376      88.5000      
11.1386      88.5000      
11.1396      82.5000      
11.1406      75.5000      
11.1416      80.2500      
11.1426      86.2500      
11.1436      79.2500      
11.1446      77.7500      
11.1456      75.2500      
11.1466      80.2500      
11.1476      75.7500      
11.1486      73.7500      
11.1496      74.0000      
11.1506      72.2500      
11.1516      73.0000      
11.1526      80.5000      
11.1536      81.0000      
11.1546      71.5000      
11.1556      65.2500      
11.1566      72.7500      
11.1576      68.0000      
11.1586      71.2500      
11.1596      70.0000      
11.1606      73.0000      
11.1616      69.7500      
11.1626      72.0000      
11.1636      68.2500      
11.1646      64.2500      
11.1656      69.7500      
11.1666      60.7500      
11.1676      60.7500      
11.1686      59.2500      
11.1696      65.7500      
11.1706      64.0000      
11.1716      62.5000      
11.1726      59.0000      
11.1736      61.0000      
11.1746      64.0000      
11.1756      53.0000      
11.1766      56.5000      
11.1776      61.0000      
11.1786      50.7500      
11.1796      58.0000      
11.1806      54.2500      
11.1816      57.7500      
11.1826      51.5000      
11.1836      54.0000      
11.1846      54.2500      
11.1856      53.7500      
11.1866      46.5000      
11.1876      52.7500      
11.1886      44.5000      
11.1896      46.7500      
11.1906      45.7500      
11.1916      52.0000      
11.1926      46.0000      
11.1936      51.2500      
11.1946      47.7500      
11.1956      47.5000      
11.1966      55.5000      
11.1976      49.7500      
11.1986      44.2500      
11.1996      42.7500      
11.2006      42.7500      
11.2016      46.2500      
11.2026      43.2500      
11.2036      43.2500      
11.2046      42.7500      
11.2056      44.0000      
11.2066      41.7500      
11.2076      42.7500      
11.2086      39.0000      
11.2096      41.2500      
11.2106      43.0000      
11.2116      43.7500      
11.2126      38.7500      
11.2136      36.0000      
11.2146      31.5000      
11.2156      40.2500      
11.2166      38.5000      
11.2176      34.5000      
11.2186      37.2500      
11.2196      33.0000      
11.2206      37.0000      
11.2216      32.0000      
11.2226      33.2500      
11.2236      34.5000      
11.2246      27.5000      
11.2256      34.0000      
11.2266      33.7500      
11.2276      28.7500      
11.2286      31.5000      
11.2296      26.7500      
11.2306      28.0000      
11.2316      25.2500      
11.2326      29.5000      
11.2336      28.0000      
11.2346      35.0000      
11.2356      27.0000      
11.2366      25.7500      
11.2376      24.5000      
11.2386      28.2500      
11.2396      20.2500      
11.2406      25.0000      
11.2416      20.2500      
11.2426      26.0000      
11.2436      24.5000      
11.2446      23.7500      
11.2456      23.5000      
11.2466      22.2500      
11.2476      24.2500      
11.2486      22.5000      
11.2496      23.5000      
11.2506      27.0000      
11.2516      17.0000      
11.2526      24.0000      
11.2536      22.2500      
11.2546      20.0000      
11.2556      19.5000      
11.2566      16.5000      
11.2576      17.5000      
11.2586      18.2500      
11.2596      17.0000      
11.2606      14.5000      
11.2616      17.5000      
11.2626      19.2500      
11.2636      17.2500      
11.2646      18.5000      
11.2656      15.5000      
11.2666      15.7500      
11.2676      16.5000      
11.2686      14.7500      
11.2696      12.5000      
11.2706      13.7500      
11.2716      13.0000      
11.2726      15.0000      
11.2736      11.0000      
11.2746      13.7500      
11.2756      14.2500      
11.2766      13.2500      
11.2776      13.7500      
11.2786      12.5000      
11.2796      10.2500      
11.2806      15.5000      
11.2816      10.5000      
11.2826      14.5000      
11.2836      8.0000       
11.2846      10.7500      
11.2856      10.2500      
11.2866      12.5000      
11.2876      10.2500      
11.2886      9.5000       
11.2896      10.0000      
11.2906      10.0000      
11.2916      9.5000       
11.2926      10.2500      
11.2936      7.2500       
11.2946      9.0000       
11.2956      8.2500       
11.2966      9.5000       
11.2976      8.0000       
11.2986      6.7500       
11.2996      7.5000       
11.3006      7.7500       
11.3016      8.2500       
11.3026      8.2500       
11.3036      7.7500       
11.3046      8.0000       
11.3056      5.2500       
11.3066      6.2500       
11.3076      8.5000       
11.3086      6.0000       
11.3096      6.0000       
11.3106      5.0000       
11.3116      5.5000       
11.3126      6.2500       
11.3136      6.7500       
11.3146      4.7500       
11.3156      5.7500       
11.3166      4.2500       
11.3176      4.0000       
11.3186      6.2500       
11.3196      3.5000       
11.3206      5.2500       
11.3216      5.5000       
11.3226      3.2500       
11.3236      3.5000       
11.3246      5.2500       
11.3256      4.7500       
11.3266      3.2500       
11.3276      4.2500       
11.3286      4.2500       
11.3296      5.2500       
11.3306      4.2500       
11.3316      3.5000       
11.3326      3.0000       
11.3336      1.7500       
11.3346      3.5000       
11.3356      5.0000       
11.3366      5.2500       
11.3376      2.5000       
11.3386      4.5000       
11.3396      3.7500       
11.3406      2.7500       
11.3416      1.7500       
11.3426      3.2500       
11.3436      3.5000       
11.3446      1.7500       
11.3456      4.5000       
11.3466      2.5000       
11.3476      2.7500       
11.3486      3.2500       
11.3496      1.5000       
11.3506      2.2500       
11.3516      1.7500       
11.3526      2.5000       
11.3536      0.5000       
11.3546      2.2500       
11.3556      1.7500       
11.3566      1.0000       
11.3576      3.0000       
11.3586      1.5000       
11.3596      3.2500       
11.3606      1.2500       
11.3616      1.5000       
11.3626      1.2500       
11.3636      2.7500       
11.3646      2.2500       
11.3656      1.5000       
11.3666      1.2500       
11.3676      1.7500       
11.3686      1.2500       
11.3696      2.0000       
11.3706      1.0000       
11.3716      0.5000       
11.3726      1.7500       
11.3736      1.5000       
11.3746      0.7500       
11.3756      0.2500       
11.3766      0.5000       
11.3776      1.2500       
11.3786      0.5000       
11.3796      1.0000       
11.3806      1.0000       
11.3816      1.2500       
11.3826      1.5000       
11.3836      1.0000       
11.3846      0.0000       
11.3856      1.2500       
11.3866      0.2500       
11.3876      1.2500       
11.3886      0.2500       
11.3896      1.0000       
11.3906      0.5000       
11.3916      0.5000       
11.3926      0.7500       
11.3936      0.5000       
11.3946      0.2500       
11.3956      0.2500       
11.3966      0.2500       
11.3976      0.5000       
11.3986      0.2500       
11.3996      0.2500       
11.4006      0.0000       
11.4016      0.2500       
11.4026      1.0000       
11.4036      0.0000       
11.4046      0.2500       
11.4056      0.2500       
11.4066      0.7500       
11.4076      0.2500       
11.4086      0.2500       
11.4096      0.2500       
11.4106      0.2500       
11.4116      0.0000       
11.4126      0.0000       
11.4136      0.0000       
11.4146      0.0000       
11.4156      0.7500       
11.4166      0.5000       
11.4176      0.5000       
11.4186      0.0000       
11.4196      0.0000       
11.4206      0.2500       
11.4216      0.2500       
11.4226      0.5000       
11.4236      0.2500       
11.4246      0.2500       
11.4256      0.0000       
11.4266      0.0000       
11.4276      0.2500       
11.4286      0.2500       
11.4296      0.0000       
11.4306      0.0000       
11.4316      0.2500       
11.4326      0.0000       
11.4336      0.0000       
11.4346      0.0000       
11.4356      0.0000       
11.4366      0.2500       
11.4376      0.5000       
11.4386      0.0000       
11.4396      0.5000       
11.4406      0.0000       
11.4416      0.0000       
11.4426      0.0000       
11.4436      0.5000       
11.4446      0.0000       
11.4456      0.0000       
11.4466      0.0000       
11.4476      0.0000       
11.4486      0.2500       
11.4496      0.0000       
11.4506      0.0000       
11.4516      0.2500       
11.4526      0.0000       
11.4536      0.0000       
11.4546      0.2500       
11.4556      0.0000       
11.4566      0.0000       
11.4576      0.0000       
11.4586      0.0000       
11.4596      0.0000       
11.4606      0.0000       
11.4616      0.0000       
11.4626      0.0000       
11.4636      0.0000       
11.4646      0.0000       
11.4656      0.0000       
11.4666      0.0000       
11.4676      0.0000       
11.4686      0.0000       
11.4696      0.0000       
11.4706      0.0000       
11.4716      0.0000       
11.4726      0.0000       
11.4736      0.0000       
11.4746      0.2500       
11.4756      0.0000       
11.4766      0.2500       
11.4776      0.0000       
11.4786      0.7500       
11.4796      0.0000       
11.4806      0.0000       
11.4816      0.0000       
11.4826      0.0000       
11.4836      0.0000       
11.4846      0.0000       
11.4856      0.0000       
11.4866      0.0000       
11.4876      0.0000       
11.4886      0.0000       
11.4896      0.0000       
11.4906      0.0000       
11.4916      0.0000       
11.4926      0.0000       
11.4936      0.0000       
11.4946      0.0000       
11.4956      0.0000       
11.4966      0.0000       
11.4976      0.0000       
11.4986      0.0000       
11.4996      0.0000       
11.5006      0.0000       
11.5016      0.0000       
11.5026      0.0000       
11.5036      0.0000       
11.5046      0.0000       
11.5056      0.0000       
11.5066      0.0000       
11.5076      0.0000       
11.5086      0.0000       
11.5096      0.0000       
11.5106      0.0000       
11.5116      0.0000       
11.5126      0.0000       
11.5136      0.0000       
11.5146      0.0000       
11.5156      0.2500       
11.5166      0.0000       
11.5176      0.0000       
11.5186      0.0000       
11.5196      0.0000       
11.5206      0.0000       
11.5216      0.0000       
11.5226      0.0000       
11.5236      0.0000       
11.5246      0.0000       
11.5256      0.0000       
11.5266      0.0000       
11.5276      0.0000       
11.5286      0.0000       
11.5296      0.0000       
11.5306      0.0000       
11.5316      0.0000       
11.5326      0.0000       
11.5336      0.0000       
11.5346      0.0000       
11.5356      0.0000       
11.5366      0.0000       
11.5376      0.0000       
11.5386      0.0000       
11.5396      0.0000       
11.5406      0.0000       
11.5416      0.0000       
11.5426      0.0000       
11.5436      0.0000       
11.5446      0.0000       
11.5456      0.0000       
11.5466      0.0000       
11.5476      0.0000       
11.5486      0.0000       
11.5496      0.0000       
11.5506      0.0000       
11.5516      0.0000       
11.5526      0.0000       
11.5536      0.0000       
11.5546      0.0000       
11.5556      0.0000       
11.5566      0.0000       
11.5576      0.0000       
11.5586      0.0000       
11.5596      0.0000       
11.5606      0.0000       
11.5616      0.0000       
11.5626      0.0000       
11.5636      0.0000       
11.5646      0.0000       
11.5656      0.0000       
11.5666      0.0000       
11.5676      0.0000       
11.5686      0.0000       
11.5696      0.0000       
11.5706      0.0000       
11.5716      0.0000       
11.5726      0.0000       
11.5736      0.0000       
11.5746      0.0000       
11.5756      0.0000       
11.5766      0.0000       
11.5776      0.0000       
11.5786      0.0000       
11.5796      0.0000       
11.5806      0.0000       
11.5816      0.0000       
11.5826      0.0000       
11.5836      0.0000       
11.5846      0.0000       
11.5856      0.0000       
11.5866      0.0000       
11.5876      0.0000       
11.5886      0.0000       
11.5896      0.0000       
11.5906      0.0000       
11.5916      0.0000       
11.5926      0.0000       
11.5936      0.0000       
11.5946      0.0000       
11.5956      0.0000       
11.5966      0.0000       
11.5976      0.0000       
11.5986      0.0000       
11.5996      0.0000       
11.6006      0.0000       
11.6016      0.0000       
11.6026      0.0000       
11.6036      0.0000       
11.6046      0.0000       
11.6056      0.0000       
11.6066      0.0000       
11.6076      0.0000       
11.6086      0.0000       
11.6096      0.0000       
11.6106      0.0000       
11.6116      0.0000       
11.6126      0.0000       
11.6136      0.0000       
11.6146      0.0000       
11.6156      0.0000       
11.6166      0.0000       
