0.0000000    1.0000000    1.0000000    
0.0080000    0.9985680    0.9962444    
0.0160000    0.9906993    0.9853591    
0.0240000    0.9725673    0.9684303    
0.0320000    0.9503914    0.9470859    
0.0400000    0.9330563    0.9232582    
0.0480000    0.9075431    0.8989170    
0.0560000    0.8783705    0.8758208    
0.0640000    0.8538106    0.8553277    
0.0720000    0.8291932    0.8382924    
0.0800000    0.8085014    0.8250589    
0.0880000    0.7917646    0.8155341    
0.0960000    0.7800546    0.8093187    
0.1040000    0.7714061    0.8058577    
0.1120000    0.7623112    0.8045770    
0.1200000    0.7610539    0.8049792    
0.1280000    0.7646011    0.8066850    
0.1360000    0.7684800    0.8094226    
0.1440000    0.7743311    0.8129785    
0.1520000    0.7835378    0.8171332    
0.1600000    0.7908633    0.8216048    
0.1680000    0.7967676    0.8260196    
0.1760000    0.8059138    0.8299206    
0.1840000    0.8108117    0.8328123    
0.1920000    0.8125217    0.8342305    
0.2000000    0.8155639    0.8338210    
0.2080000    0.8176212    0.8314074    
0.2160000    0.8147846    0.8270320    
0.2240000    0.8117329    0.8209619    
0.2320000    0.8069739    0.8136581    
0.2400000    0.7988957    0.8057155    
0.2480000    0.7928791    0.7977861    
0.2560000    0.7873649    0.7905005    
0.2640000    0.7853758    0.7844005    
0.2720000    0.7794180    0.7798924    
0.2800000    0.7774872    0.7772243    
0.2880000    0.7793163    0.7764865    
0.2960000    0.7809533    0.7776284    
0.3040000    0.7841779    0.7804846    
0.3120000    0.7869922    0.7848042    
0.3200000    0.7966977    0.7902755    
0.3280000    0.8034496    0.7965482    
0.3360000    0.8069898    0.8032488    
0.3440000    0.8168241    0.8099960    
0.3520000    0.8218829    0.8164160    
0.3600000    0.8250101    0.8221613    
0.3680000    0.8313862    0.8269320    
0.3760000    0.8338880    0.8304982    
0.3840000    0.8335100    0.8327206    
0.3920000    0.8311690    0.8335648    
0.4000000    0.8296106    0.8331051    
0.4080000    0.8290002    0.8315176    
0.4160000    0.8283479    0.8290618    
0.4240000    0.8242238    0.8260524    
0.4320000    0.8166303    0.8228272    
0.4400000    0.8140383    0.8197136    
0.4480000    0.8148884    0.8169988    
0.4560000    0.8124041    0.8149079    
0.4640000    0.8126958    0.8135906    
0.4720000    0.8115413    0.8131159    
0.4800000    0.8159452    0.8134756    
0.4880000    0.8225713    0.8145921    
0.4960000    0.8204273    0.8163300    
0.5040000    0.8236215    0.8185093    
0.5120000    0.8282386    0.8209184    
0.5200000    0.8321139    0.8233281    
0.5280000    0.8338481    0.8255052    
0.5360000    0.8345240    0.8272277    
0.5440000    0.8378517    0.8283001    
0.5520000    0.8365930    0.8285688    
0.5600000    0.8293479    0.8279364    
0.5680000    0.8282218    0.8263732    
0.5760000    0.8276605    0.8239237    
0.5840000    0.8217735    0.8207063    
0.5920000    0.8179007    0.8169064    
0.6000000    0.8094969    0.8127617    
0.6080000    0.8020518    0.8085419    
0.6160000    0.7989530    0.8045245    
0.6240000    0.7946899    0.8009699    
0.6320000    0.7916854    0.7980986    
0.6400000    0.7907911    0.7960724    
0.6480000    0.7915727    0.7949831    
0.6560000    0.7925106    0.7948477    
0.6640000    0.7945994    0.7956118    
0.6720000    0.7992172    0.7971595    
0.6800000    0.8024851    0.7993270    
0.6880000    0.8023430    0.8019208    
0.6960000    0.8081771    0.8047351    
0.7040000    0.8134171    0.8075688    
0.7120000    0.8151313    0.8102399    
0.7200000    0.8193307    0.8125965    
0.7280000    0.8190089    0.8145234    
0.7360000    0.8197877    0.8159462    
0.7440000    0.8214343    0.8168315    
0.7520000    0.8194590    0.8171849    
0.7600000    0.8162690    0.8170472    
0.7680000    0.8139154    0.8164897    
0.7760000    0.8095877    0.8156084    
0.7840000    0.8069479    0.8145181    
0.7920000    0.8061052    0.8133450    
0.8000000    0.8019562    0.8122192    
0.8080000    0.8000685    0.8112661    
0.8160000    0.7991974    0.8105968    
0.8240000    0.7995531    0.8102996    
0.8320000    0.8018455    0.8104310    
0.8400000    0.8018678    0.8110098    
0.8480000    0.8063351    0.8120138    
0.8560000    0.8087960    0.8133807    
0.8640000    0.8098351    0.8150136    
0.8720000    0.8156785    0.8167901    
0.8800000    0.8202480    0.8185747    
0.8880000    0.8223015    0.8202327    
0.8960000    0.8237246    0.8216435    
0.9040000    0.8286478    0.8227109    
0.9120000    0.8310747    0.8233706    
0.9200000    0.8297067    0.8235927    
0.9280000    0.8287009    0.8233796    
0.9360000    0.8241387    0.8227611    
0.9440000    0.8221200    0.8217877    
0.9520000    0.8250619    0.8205229    
0.9600000    0.8204875    0.8190372    
0.9680000    0.8126482    0.8174041    
0.9760000    0.8110582    0.8156975    
0.9840000    0.8112120    0.8139903    
0.9920000    0.8083332    0.8123543    
1.0000000    0.8055948    0.8108585    
1.0080000    0.8065203    0.8095668    
1.0160000    0.8065190    0.8085337    
1.0240000    0.8017125    0.8077994    
1.0320000    0.8046335    0.8073849    
1.0400000    0.8089621    0.8072883    
1.0480000    0.8077908    0.8074835    
1.0560000    0.8092765    0.8079213    
1.0640000    0.8110825    0.8085351    
1.0720000    0.8131118    0.8092469    
1.0800000    0.8131320    0.8099769    
1.0880000    0.8156690    0.8106509    
1.0960000    0.8146625    0.8112079    
1.1040000    0.8131076    0.8116049    
1.1120000    0.8150831    0.8118186    
1.1200000    0.8117706    0.8118457    
1.1280000    0.8092481    0.8117006    
1.1360000    0.8055837    0.8114119    
1.1440000    0.8057527    0.8110195    
1.1520000    0.8067184    0.8105707    
1.1600000    0.7995412    0.8101172    
1.1680000    0.8010762    0.8097119    
1.1760000    0.8029430    0.8094059    
1.1840000    0.8015340    0.8092447    
1.1920000    0.8031506    0.8092645    
1.2000000    0.8065290    0.8094878    
1.2080000    0.8059896    0.8099204    
1.2160000    0.8054806    0.8105493    
1.2240000    0.8077400    0.8113424    
1.2320000    0.8100941    0.8122515    
1.2400000    0.8126762    0.8132165    
1.2480000    0.8125574    0.8141723    
1.2560000    0.8161194    0.8150564    
1.2640000    0.8174031    0.8158163    
1.2720000    0.8163217    0.8164146    
1.2800000    0.8153177    0.8168332    
1.2880000    0.8176561    0.8170726    
1.2960000    0.8191389    0.8171501    
1.3040000    0.8162329    0.8170944    
1.3120000    0.8146956    0.8169397    
1.3200000    0.8147349    0.8167194    
1.3280000    0.8139729    0.8164609    
1.3360000    0.8096335    0.8161829    
1.3440000    0.8106996    0.8158941    
1.3520000    0.8116768    0.8155955    
1.3600000    0.8089271    0.8152832    
1.3680000    0.8115598    0.8149533    
1.3760000    0.8111913    0.8146053    
1.3840000    0.8083467    0.8142451    
