   0.0000000e+00   1.0000000e+00   1.0000000e+00
   8.0000000e-03   9.9716636e-01   9.9746627e-01
   1.6000000e-02   9.8996854e-01   9.9142813e-01
   2.4000000e-02   9.8253624e-01   9.8508741e-01
   3.2000000e-02   9.7717778e-01   9.8060481e-01
   4.0000000e-02   9.7410953e-01   9.7813608e-01
   4.8000000e-02   9.7404339e-01   9.7695789e-01
   5.6000000e-02   9.7552945e-01   9.7667104e-01
   6.4000000e-02   9.7763668e-01   9.7714518e-01
   7.2000000e-02   9.7935631e-01   9.7794928e-01
   8.0000000e-02   9.7933567e-01   9.7840854e-01
   8.8000000e-02   9.7820572e-01   9.7813948e-01
   9.6000000e-02   9.7525916e-01   9.7724362e-01
   1.0400000e-01   9.7283757e-01   9.7603181e-01
   1.1200000e-01   9.7129873e-01   9.7477706e-01
   1.2000000e-01   9.7062609e-01   9.7369128e-01
   1.2800000e-01   9.7166085e-01   9.7290102e-01
   1.3600000e-01   9.7283108e-01   9.7235875e-01
   1.4400000e-01   9.7285481e-01   9.7187834e-01
   1.5200000e-01   9.7312046e-01   9.7131109e-01
   1.6000000e-01   9.7077603e-01   9.7064682e-01
   1.6800000e-01   9.6957007e-01   9.6995762e-01
   1.7600000e-01   9.6849378e-01   9.6932270e-01
   1.8400000e-01   9.6762387e-01   9.6881383e-01
   1.9200000e-01   9.6768107e-01   9.6847223e-01
   2.0000000e-01   9.6882206e-01   9.6826097e-01
   2.0800000e-01   9.6859977e-01   9.6807979e-01
   2.1600000e-01   9.6935755e-01   9.6785109e-01
   2.2400000e-01   9.6866568e-01   9.6757133e-01
   2.3200000e-01   9.6756839e-01   9.6728247e-01
   2.4000000e-01   9.6704225e-01   9.6703209e-01
   2.4800000e-01   9.6641140e-01   9.6686315e-01
   2.5600000e-01   9.6626315e-01   9.6679726e-01
   2.6400000e-01   9.6641889e-01   9.6680614e-01
   2.7200000e-01   9.6690971e-01   9.6682330e-01
   2.8000000e-01   9.6737488e-01   9.6679935e-01
   2.8800000e-01   9.6795571e-01   9.6673413e-01
   2.9600000e-01   9.6761460e-01   9.6665789e-01
   3.0400000e-01   9.6682508e-01   9.6660542e-01
   3.1200000e-01   9.6675275e-01   9.6660831e-01
   3.2000000e-01   9.6647056e-01   9.6668159e-01
   3.2800000e-01   9.6636116e-01   9.6680364e-01
   3.3600000e-01   9.6693872e-01   9.6692643e-01
   3.4400000e-01   9.6720144e-01   9.6701592e-01
   3.5200000e-01   9.6744219e-01   9.6707429e-01
   3.6000000e-01   9.6745240e-01   9.6712522e-01
   3.6800000e-01   9.6826973e-01   9.6719529e-01
   3.7600000e-01   9.6786227e-01   9.6730851e-01
   3.8400000e-01   9.6760211e-01   9.6747522e-01
   3.9200000e-01   9.6790046e-01   9.6767658e-01
   4.0000000e-01   9.6774743e-01   9.6787374e-01
   4.0800000e-01   9.6834295e-01   9.6804038e-01
   4.1600000e-01   9.6856407e-01   9.6817911e-01
   4.2400000e-01   9.6874014e-01   9.6830871e-01
   4.3200000e-01   9.6851929e-01   9.6844957e-01
   4.4000000e-01   9.6917294e-01   9.6862014e-01
   4.4800000e-01   9.6880489e-01   9.6882760e-01
   4.5600000e-01   9.6916550e-01   9.6905462e-01
   4.6400000e-01   9.6952058e-01   9.6926789e-01
   4.7200000e-01   9.6960413e-01   9.6944582e-01
   4.8000000e-01   9.6958470e-01   9.6959141e-01
   4.8800000e-01   9.7022690e-01   9.6972019e-01
   4.9600000e-01   9.7008524e-01   9.6984830e-01
   5.0400000e-01   9.7038281e-01   9.6999067e-01
   5.1200000e-01   9.7060309e-01   9.7015292e-01
   5.2000000e-01   9.7038080e-01   9.7031940e-01
   5.2800000e-01   9.7051271e-01   9.7046115e-01
   5.3600000e-01   9.7002750e-01   9.7056094e-01
   5.4400000e-01   9.7024024e-01   9.7062357e-01
   5.5200000e-01   9.7114919e-01   9.7066352e-01
   5.6000000e-01   9.7029878e-01   9.7069490e-01
   5.6800000e-01   9.7073124e-01   9.7073145e-01
   5.7600000e-01   9.7070328e-01   9.7077936e-01
   5.8400000e-01   9.7061699e-01   9.7082530e-01
   5.9200000e-01   9.7072845e-01   9.7084406e-01
   6.0000000e-01   9.7064193e-01   9.7082259e-01
   6.0800000e-01   9.7068399e-01   9.7076853e-01
   6.1600000e-01   9.7063822e-01   9.7069646e-01
   6.2400000e-01   9.7075340e-01   9.7061885e-01
   6.3200000e-01   9.7062166e-01   9.7054874e-01
   6.4000000e-01   9.7077859e-01   9.7049351e-01
   6.4800000e-01   9.7073016e-01   9.7044155e-01
   6.5600000e-01   9.7054649e-01   9.7036915e-01
   6.6400000e-01   9.7065924e-01   9.7026567e-01
   6.7200000e-01   9.7028010e-01   9.7014134e-01
   6.8000000e-01   9.7015241e-01   9.7001069e-01
   6.8800000e-01   9.7013174e-01   9.6988318e-01
   6.9600000e-01   9.6986355e-01   9.6976991e-01
   7.0400000e-01   9.6964229e-01   9.6967950e-01
   7.1200000e-01   9.6982385e-01   9.6960146e-01
   7.2000000e-01   9.6981731e-01   9.6951084e-01
   7.2800000e-01   9.6988916e-01   9.6939681e-01
   7.3600000e-01   9.6959730e-01   9.6927240e-01
   7.4400000e-01   9.6933559e-01   9.6915303e-01
   7.5200000e-01   9.6912020e-01   9.6904368e-01
   7.6000000e-01   9.6924549e-01   9.6895131e-01
   7.6800000e-01   9.6864968e-01   9.6888662e-01
   7.7600000e-01   9.6893107e-01   9.6884222e-01
   7.8400000e-01   9.6909667e-01   9.6879019e-01
   7.9200000e-01   9.6865889e-01   9.6871541e-01
   8.0000000e-01   9.6915308e-01   9.6863406e-01
   8.0800000e-01   9.6847557e-01   9.6856691e-01
   8.1600000e-01   9.6892688e-01   9.6851493e-01
   8.2400000e-01   9.6874063e-01   9.6847594e-01
   8.3200000e-01   9.6830114e-01   9.6846137e-01
   8.4000000e-01   9.6825248e-01   9.6847308e-01
   8.4800000e-01   9.6845849e-01   9.6848323e-01
   8.5600000e-01   9.6819590e-01   9.6846559e-01
   8.6400000e-01   9.6831623e-01   9.6843368e-01
   8.7200000e-01   9.6828180e-01   9.6842051e-01
   8.8000000e-01   9.6822877e-01   9.6843245e-01
   8.8800000e-01   9.6818386e-01   9.6845326e-01
   8.9600000e-01   9.6818287e-01   9.6848284e-01
   9.0400000e-01   9.6846577e-01   9.6853482e-01
   9.1200000e-01   9.6846162e-01   9.6859725e-01
   9.2000000e-01   9.6843806e-01   9.6863501e-01
   9.2800000e-01   9.6832142e-01   9.6864108e-01
   9.3600000e-01   9.6860883e-01   9.6865215e-01
   9.4400000e-01   9.6824685e-01   9.6869867e-01
   9.5200000e-01   9.6829875e-01   9.6876777e-01
   9.6000000e-01   9.6865414e-01   9.6883312e-01
   9.6800000e-01   9.6890425e-01   9.6889460e-01
   9.7600000e-01   9.6838023e-01   9.6896350e-01
   9.8400000e-01   9.6869105e-01   9.6902826e-01
   9.9200000e-01   9.6852391e-01   9.6906632e-01
   1.0000000e+00   9.6934505e-01   9.6908367e-01
   1.0080000e+00   9.6966181e-01   9.6911522e-01
   1.0160000e+00   9.6932076e-01   9.6918224e-01
   1.0240000e+00   9.6957697e-01   9.6926808e-01
   1.0320000e+00   9.6938458e-01   9.6934124e-01
   1.0400000e+00   9.6950544e-01   9.6938873e-01
   1.0480000e+00   9.6957352e-01   9.6941979e-01
   1.0560000e+00   9.6994143e-01   9.6944670e-01
   1.0640000e+00   9.6980079e-01   9.6947249e-01
   1.0720000e+00   9.6920146e-01   9.6949687e-01
   1.0800000e+00   9.6997383e-01   9.6952641e-01
   1.0880000e+00   9.6949002e-01   9.6957120e-01
   1.0960000e+00   9.6995562e-01   9.6962846e-01
   1.1040000e+00   9.6983453e-01   9.6967508e-01
   1.1120000e+00   9.6970397e-01   9.6968668e-01
   1.1200000e+00   9.6978594e-01   9.6966582e-01
   1.1280000e+00   9.7049482e-01   9.6964290e-01
   1.1360000e+00   9.6994554e-01   9.6964515e-01
   1.1440000e+00   9.7064441e-01   9.6967114e-01
   1.1520000e+00   9.7053216e-01   9.6969944e-01
   1.1600000e+00   9.7035734e-01   9.6971369e-01
   1.1680000e+00   9.7049197e-01   9.6971158e-01
   1.1760000e+00   9.7037825e-01   9.6969584e-01
   1.1840000e+00   9.6958191e-01   9.6966797e-01
   1.1920000e+00   9.6949563e-01   9.6963232e-01
   1.2000000e+00   9.6949347e-01   9.6959968e-01
   1.2080000e+00   9.6921355e-01   9.6958278e-01
   1.2160000e+00   9.6950003e-01   9.6958650e-01
   1.2240000e+00   9.7002842e-01   9.6959999e-01
   1.2320000e+00   9.6983084e-01   9.6959918e-01
   1.2400000e+00   9.7005621e-01   9.6956433e-01
   1.2480000e+00   9.6985657e-01   9.6950006e-01
   1.2560000e+00   9.6999171e-01   9.6943495e-01
   1.2640000e+00   9.7019976e-01   9.6939720e-01
   1.2720000e+00   9.6989152e-01   9.6939174e-01
   1.2800000e+00   9.6965320e-01   9.6940116e-01
   1.2880000e+00   9.6943773e-01   9.6940290e-01
   1.2960000e+00   9.6912972e-01   9.6938289e-01
   1.3040000e+00   9.6930608e-01   9.6933956e-01
   1.3120000e+00   9.6854493e-01   9.6928318e-01
   1.3200000e+00   9.6875975e-01   9.6923061e-01
   1.3280000e+00   9.6944807e-01   9.6919569e-01
   1.3360000e+00   9.6956183e-01   9.6918307e-01
   1.3440000e+00   9.6866080e-01   9.6918904e-01
   1.3520000e+00   9.6933612e-01   9.6920305e-01
   1.3600000e+00   9.6942961e-01   9.6920727e-01
   1.3680000e+00   9.6983045e-01   9.6918389e-01
   1.3760000e+00   9.7003635e-01   9.6913107e-01
   1.3840000e+00   9.6960814e-01   9.6907004e-01
   1.3920000e+00   9.6843487e-01   9.6903126e-01
   1.4000000e+00   9.6912393e-01   9.6903236e-01
