   0.0000000e+00   1.0000000e+00   1.0000000e+00
   8.0000000e-03   9.9937357e-01   9.9888295e-01
   1.6000000e-02   9.9637949e-01   9.9611453e-01
   2.4000000e-02   9.9239902e-01   9.9292543e-01
   3.2000000e-02   9.8907166e-01   9.9023777e-01
   4.0000000e-02   9.8689433e-01   9.8826654e-01
   4.8000000e-02   9.8558272e-01   9.8685264e-01
   5.6000000e-02   9.8549668e-01   9.8587860e-01
   6.4000000e-02   9.8569089e-01   9.8529319e-01
   7.2000000e-02   9.8588854e-01   9.8494725e-01
   8.0000000e-02   9.8506149e-01   9.8460722e-01
   8.8000000e-02   9.8424928e-01   9.8412200e-01
   9.6000000e-02   9.8318525e-01   9.8349243e-01
   1.0400000e-01   9.8174833e-01   9.8279406e-01
   1.1200000e-01   9.8115034e-01   9.8210135e-01
   1.2000000e-01   9.8051331e-01   9.8147715e-01
   1.2800000e-01   9.8038536e-01   9.8096222e-01
   1.3600000e-01   9.8050606e-01   9.8054509e-01
   1.4400000e-01   9.8070130e-01   9.8017009e-01
   1.5200000e-01   9.8002931e-01   9.7979022e-01
   1.6000000e-01   9.7969609e-01   9.7939919e-01
   1.6800000e-01   9.7846652e-01   9.7901591e-01
   1.7600000e-01   9.7829978e-01   9.7866238e-01
   1.8400000e-01   9.7807904e-01   9.7835937e-01
   1.9200000e-01   9.7821099e-01   9.7811935e-01
   2.0000000e-01   9.7839583e-01   9.7793160e-01
   2.0800000e-01   9.7775627e-01   9.7776602e-01
   2.1600000e-01   9.7818499e-01   9.7759894e-01
   2.2400000e-01   9.7757289e-01   9.7742895e-01
   2.3200000e-01   9.7744279e-01   9.7726861e-01
   2.4000000e-01   9.7701539e-01   9.7713241e-01
   2.4800000e-01   9.7624245e-01   9.7703360e-01
   2.5600000e-01   9.7705471e-01   9.7697892e-01
   2.6400000e-01   9.7713911e-01   9.7695968e-01
   2.7200000e-01   9.7685258e-01   9.7695516e-01
   2.8000000e-01   9.7731810e-01   9.7694937e-01
   2.8800000e-01   9.7697027e-01   9.7694104e-01
   2.9600000e-01   9.7709683e-01   9.7693817e-01
   3.0400000e-01   9.7669644e-01   9.7695029e-01
   3.1200000e-01   9.7693717e-01   9.7698621e-01
   3.2000000e-01   9.7657320e-01   9.7704990e-01
   3.2800000e-01   9.7698128e-01   9.7713425e-01
   3.3600000e-01   9.7716437e-01   9.7722405e-01
   3.4400000e-01   9.7764003e-01   9.7730823e-01
   3.5200000e-01   9.7779313e-01   9.7738675e-01
   3.6000000e-01   9.7753445e-01   9.7746624e-01
   3.6800000e-01   9.7791016e-01   9.7755437e-01
   3.7600000e-01   9.7801715e-01   9.7765819e-01
   3.8400000e-01   9.7770259e-01   9.7778071e-01
   3.9200000e-01   9.7733238e-01   9.7791610e-01
   4.0000000e-01   9.7801552e-01   9.7805235e-01
   4.0800000e-01   9.7815116e-01   9.7818109e-01
   4.1600000e-01   9.7877866e-01   9.7830258e-01
   4.2400000e-01   9.7823442e-01   9.7842195e-01
   4.3200000e-01   9.7885200e-01   9.7854485e-01
   4.4000000e-01   9.7891936e-01   9.7867631e-01
   4.4800000e-01   9.7893173e-01   9.7881792e-01
   4.5600000e-01   9.7874138e-01   9.7896382e-01
   4.6400000e-01   9.7881302e-01   9.7910320e-01
   4.7200000e-01   9.7905444e-01   9.7922877e-01
   4.8000000e-01   9.7944938e-01   9.7934066e-01
   4.8800000e-01   9.7954543e-01   9.7944278e-01
   4.9600000e-01   9.7943823e-01   9.7953930e-01
   5.0400000e-01   9.7935173e-01   9.7963415e-01
   5.1200000e-01   9.7964546e-01   9.7972848e-01
   5.2000000e-01   9.8000332e-01   9.7981707e-01
   5.2800000e-01   9.7990800e-01   9.7989073e-01
   5.3600000e-01   9.8014565e-01   9.7994398e-01
   5.4400000e-01   9.7995508e-01   9.7997811e-01
   5.5200000e-01   9.8012723e-01   9.7999749e-01
   5.6000000e-01   9.8018014e-01   9.8000647e-01
   5.6800000e-01   9.7996737e-01   9.8000949e-01
   5.7600000e-01   9.7983026e-01   9.8000874e-01
   5.8400000e-01   9.8017856e-01   9.8000057e-01
   5.9200000e-01   9.7980337e-01   9.7997775e-01
   6.0000000e-01   9.8031054e-01   9.7993688e-01
   6.0800000e-01   9.7994466e-01   9.7988086e-01
   6.1600000e-01   9.7979270e-01   9.7981475e-01
   6.2400000e-01   9.8004205e-01   9.7974306e-01
   6.3200000e-01   9.7960252e-01   9.7967047e-01
   6.4000000e-01   9.7998062e-01   9.7959997e-01
   6.4800000e-01   9.7963778e-01   9.7952868e-01
   6.5600000e-01   9.7973234e-01   9.7945004e-01
   6.6400000e-01   9.7935251e-01   9.7936143e-01
   6.7200000e-01   9.7940416e-01   9.7926653e-01
   6.8000000e-01   9.7915800e-01   9.7917028e-01
   6.8800000e-01   9.7861326e-01   9.7907608e-01
   6.9600000e-01   9.7893772e-01   9.7898789e-01
   7.0400000e-01   9.7909891e-01   9.7890881e-01
   7.1200000e-01   9.7907949e-01   9.7883602e-01
   7.2000000e-01   9.7875429e-01   9.7876226e-01
   7.2800000e-01   9.7862492e-01   9.7868458e-01
   7.3600000e-01   9.7870584e-01   9.7860718e-01
   7.4400000e-01   9.7879146e-01   9.7853486e-01
   7.5200000e-01   9.7853580e-01   9.7846924e-01
   7.6000000e-01   9.7840583e-01   9.7841264e-01
   7.6800000e-01   9.7860147e-01   9.7836857e-01
   7.7600000e-01   9.7834578e-01   9.7833480e-01
   7.8400000e-01   9.7818722e-01   9.7830277e-01
   7.9200000e-01   9.7825054e-01   9.7826795e-01
   8.0000000e-01   9.7796827e-01   9.7823535e-01
   8.0800000e-01   9.7842760e-01   9.7821113e-01
   8.1600000e-01   9.7832064e-01   9.7819525e-01
   8.2400000e-01   9.7799873e-01   9.7818692e-01
   8.3200000e-01   9.7812533e-01   9.7818973e-01
   8.4000000e-01   9.7791874e-01   9.7820413e-01
   8.4800000e-01   9.7827654e-01   9.7822125e-01
   8.5600000e-01   9.7807069e-01   9.7823281e-01
   8.6400000e-01   9.7759663e-01   9.7824297e-01
   8.7200000e-01   9.7817207e-01   9.7826169e-01
   8.8000000e-01   9.7783180e-01   9.7829034e-01
   8.8800000e-01   9.7815951e-01   9.7832338e-01
   8.9600000e-01   9.7806990e-01   9.7836066e-01
   9.0400000e-01   9.7834598e-01   9.7840648e-01
   9.1200000e-01   9.7795452e-01   9.7845683e-01
   9.2000000e-01   9.7859790e-01   9.7850028e-01
   9.2800000e-01   9.7825633e-01   9.7853434e-01
   9.3600000e-01   9.7790856e-01   9.7857041e-01
   9.4400000e-01   9.7899183e-01   9.7861769e-01
   9.5200000e-01   9.7784107e-01   9.7867146e-01
   9.6000000e-01   9.7836061e-01   9.7872289e-01
   9.6800000e-01   9.7874020e-01   9.7877201e-01
   9.7600000e-01   9.7895297e-01   9.7882268e-01
   9.8400000e-01   9.7892996e-01   9.7887116e-01
   9.9200000e-01   9.7878823e-01   9.7890963e-01
   1.0000000e+00   9.7901263e-01   9.7893946e-01
   1.0080000e+00   9.7937566e-01   9.7897174e-01
   1.0160000e+00   9.7953895e-01   9.7901335e-01
   1.0240000e+00   9.7942655e-01   9.7905866e-01
   1.0320000e+00   9.7975159e-01   9.7909714e-01
   1.0400000e+00   9.7951065e-01   9.7912470e-01
   1.0480000e+00   9.7971182e-01   9.7914501e-01
   1.0560000e+00   9.7958298e-01   9.7916232e-01
   1.0640000e+00   9.7938558e-01   9.7917702e-01
   1.0720000e+00   9.7967292e-01   9.7918817e-01
   1.0800000e+00   9.7997402e-01   9.7919783e-01
   1.0880000e+00   9.7931378e-01   9.7920999e-01
   1.0960000e+00   9.7949082e-01   9.7922438e-01
   1.1040000e+00   9.8015473e-01   9.7923349e-01
   1.1120000e+00   9.7950661e-01   9.7922915e-01
   1.1200000e+00   9.7994820e-01   9.7921232e-01
   1.1280000e+00   9.8023580e-01   9.7919336e-01
   1.1360000e+00   9.8022194e-01   9.7918139e-01
   1.1440000e+00   9.8022538e-01   9.7917564e-01
   1.1520000e+00   9.8030994e-01   9.7916870e-01
   1.1600000e+00   9.8001391e-01   9.7915551e-01
   1.1680000e+00   9.7912462e-01   9.7913638e-01
   1.1760000e+00   9.7929464e-01   9.7911324e-01
   1.1840000e+00   9.7908183e-01   9.7908663e-01
   1.1920000e+00   9.7819515e-01   9.7905710e-01
   1.2000000e+00   9.7862478e-01   9.7902751e-01
   1.2080000e+00   9.7848008e-01   9.7900239e-01
   1.2160000e+00   9.7820857e-01   9.7898436e-01
   1.2240000e+00   9.7873675e-01   9.7897057e-01
   1.2320000e+00   9.7926284e-01   9.7895309e-01
   1.2400000e+00   9.7949286e-01   9.7892512e-01
   1.2480000e+00   9.7900415e-01   9.7888822e-01
   1.2560000e+00   9.7978019e-01   9.7885215e-01
   1.2640000e+00   9.7956710e-01   9.7882642e-01
   1.2720000e+00   9.7908652e-01   9.7881239e-01
   1.2800000e+00   9.7770875e-01   9.7880375e-01
   1.2880000e+00   9.7824389e-01   9.7879297e-01
   1.2960000e+00   9.7870037e-01   9.7877616e-01
   1.3040000e+00   9.7813546e-01   9.7875400e-01
   1.3120000e+00   9.7756201e-01   9.7873029e-01
   1.3200000e+00   9.7720313e-01   9.7870973e-01
   1.3280000e+00   9.7858507e-01   9.7869547e-01
   1.3360000e+00   9.7853445e-01   9.7868830e-01
   1.3440000e+00   9.7867462e-01   9.7868754e-01
   1.3520000e+00   9.7762364e-01   9.7869090e-01
   1.3600000e+00   9.7897537e-01   9.7869334e-01
   1.3680000e+00   9.7871027e-01   9.7868891e-01
   1.3760000e+00   9.7846436e-01   9.7867610e-01
   1.3840000e+00   9.7937966e-01   9.7866099e-01
   1.3920000e+00   9.7884127e-01   9.7865334e-01
   1.4000000e+00   9.7903394e-01   9.7865927e-01
