   0.0000000e+00   1.0000000e+00   1.0000000e+00
   8.0000000e-03   9.9650532e-01   9.9726527e-01
   1.6000000e-02   9.8823038e-01   9.9079513e-01
   2.4000000e-02   9.7947820e-01   9.8410339e-01
   3.2000000e-02   9.7379805e-01   9.7947615e-01
   4.0000000e-02   9.7185570e-01   9.7696798e-01
   4.8000000e-02   9.7232422e-01   9.7574822e-01
   5.6000000e-02   9.7432191e-01   9.7542859e-01
   6.4000000e-02   9.7659894e-01   9.7590208e-01
   7.2000000e-02   9.7825438e-01   9.7666383e-01
   8.0000000e-02   9.7725712e-01   9.7693716e-01
   8.8000000e-02   9.7470360e-01   9.7633514e-01
   9.6000000e-02   9.7137578e-01   9.7505419e-01
   1.0400000e-01   9.6848479e-01   9.7350194e-01
   1.1200000e-01   9.6810880e-01   9.7199905e-01
   1.2000000e-01   9.6855073e-01   9.7077259e-01
   1.2800000e-01   9.6998111e-01   9.6994025e-01
   1.3600000e-01   9.7084470e-01   9.6940944e-01
   1.4400000e-01   9.7127048e-01   9.6893069e-01
   1.5200000e-01   9.6969153e-01   9.6831954e-01
   1.6000000e-01   9.6731549e-01   9.6757474e-01
   1.6800000e-01   9.6521755e-01   9.6679751e-01
   1.7600000e-01   9.6432142e-01   9.6609288e-01
   1.8400000e-01   9.6424044e-01   9.6555137e-01
   1.9200000e-01   9.6470996e-01   9.6522103e-01
   2.0000000e-01   9.6591085e-01   9.6505013e-01
   2.0800000e-01   9.6643856e-01   9.6490938e-01
   2.1600000e-01   9.6640670e-01   9.6470205e-01
   2.2400000e-01   9.6512148e-01   9.6442695e-01
   2.3200000e-01   9.6390641e-01   9.6413982e-01
   2.4000000e-01   9.6324527e-01   9.6390172e-01
   2.4800000e-01   9.6309399e-01   9.6376624e-01
   2.5600000e-01   9.6340943e-01   9.6375862e-01
   2.6400000e-01   9.6443517e-01   9.6384058e-01
   2.7200000e-01   9.6527159e-01   9.6392650e-01
   2.8000000e-01   9.6559813e-01   9.6395416e-01
   2.8800000e-01   9.6538739e-01   9.6392456e-01
   2.9600000e-01   9.6480594e-01   9.6387686e-01
   3.0400000e-01   9.6448156e-01   9.6385486e-01
   3.1200000e-01   9.6372760e-01   9.6389750e-01
   3.2000000e-01   9.6424756e-01   9.6402231e-01
   3.2800000e-01   9.6448578e-01   9.6420053e-01
   3.3600000e-01   9.6520840e-01   9.6437059e-01
   3.4400000e-01   9.6544304e-01   9.6448971e-01
   3.5200000e-01   9.6580854e-01   9.6456174e-01
   3.6000000e-01   9.6562077e-01   9.6461792e-01
   3.6800000e-01   9.6520412e-01   9.6469260e-01
   3.7600000e-01   9.6507337e-01   9.6481629e-01
   3.8400000e-01   9.6477279e-01   9.6500205e-01
   3.9200000e-01   9.6537177e-01   9.6522614e-01
   4.0000000e-01   9.6578684e-01   9.6544000e-01
   4.0800000e-01   9.6620368e-01   9.6561136e-01
   4.1600000e-01   9.6652272e-01   9.6574495e-01
   4.2400000e-01   9.6666134e-01   9.6586588e-01
   4.3200000e-01   9.6645039e-01   9.6600093e-01
   4.4000000e-01   9.6637216e-01   9.6617372e-01
   4.4800000e-01   9.6636920e-01   9.6639318e-01
   4.5600000e-01   9.6650745e-01   9.6663721e-01
   4.6400000e-01   9.6692542e-01   9.6686373e-01
   4.7200000e-01   9.6710050e-01   9.6704589e-01
   4.8000000e-01   9.6766528e-01   9.6718817e-01
   4.8800000e-01   9.6751817e-01   9.6731083e-01
   4.9600000e-01   9.6768664e-01   9.6743463e-01
   5.0400000e-01   9.6764336e-01   9.6757841e-01
   5.1200000e-01   9.6739431e-01   9.6774890e-01
   5.2000000e-01   9.6773741e-01   9.6792579e-01
   5.2800000e-01   9.6781901e-01   9.6807205e-01
   5.3600000e-01   9.6813333e-01   9.6816589e-01
   5.4400000e-01   9.6836457e-01   9.6821379e-01
   5.5200000e-01   9.6838205e-01   9.6823460e-01
   5.6000000e-01   9.6869817e-01   9.6824647e-01
   5.6800000e-01   9.6821902e-01   9.6826682e-01
   5.7600000e-01   9.6847692e-01   9.6830344e-01
   5.8400000e-01   9.6796493e-01   9.6833932e-01
   5.9200000e-01   9.6796348e-01   9.6834226e-01
   6.0000000e-01   9.6830675e-01   9.6829562e-01
   6.0800000e-01   9.6840127e-01   9.6820936e-01
   6.1600000e-01   9.6838306e-01   9.6810251e-01
   6.2400000e-01   9.6831040e-01   9.6799119e-01
   6.3200000e-01   9.6815256e-01   9.6789193e-01
   6.4000000e-01   9.6797829e-01   9.6781409e-01
   6.4800000e-01   9.6754675e-01   9.6774299e-01
   6.5600000e-01   9.6739456e-01   9.6764838e-01
   6.6400000e-01   9.6765136e-01   9.6751635e-01
   6.7200000e-01   9.6764347e-01   9.6735971e-01
   6.8000000e-01   9.6751075e-01   9.6719721e-01
   6.8800000e-01   9.6743648e-01   9.6704106e-01
   6.9600000e-01   9.6735303e-01   9.6690519e-01
   7.0400000e-01   9.6719840e-01   9.6680041e-01
   7.1200000e-01   9.6672106e-01   9.6671359e-01
   7.2000000e-01   9.6680377e-01   9.6661315e-01
   7.2800000e-01   9.6636548e-01   9.6648476e-01
   7.3600000e-01   9.6647231e-01   9.6634445e-01
   7.4400000e-01   9.6640560e-01   9.6621196e-01
   7.5200000e-01   9.6626336e-01   9.6609389e-01
   7.6000000e-01   9.6638264e-01   9.6599874e-01
   7.6800000e-01   9.6591523e-01   9.6593964e-01
   7.7600000e-01   9.6591656e-01   9.6590753e-01
   7.8400000e-01   9.6564248e-01   9.6586744e-01
   7.9200000e-01   9.6565658e-01   9.6579966e-01
   8.0000000e-01   9.6553972e-01   9.6572365e-01
   8.0800000e-01   9.6555781e-01   9.6566560e-01
   8.1600000e-01   9.6552497e-01   9.6562739e-01
   8.2400000e-01   9.6565985e-01   9.6560604e-01
   8.3200000e-01   9.6575446e-01   9.6561491e-01
   8.4000000e-01   9.6561953e-01   9.6565604e-01
   8.4800000e-01   9.6553006e-01   9.6569523e-01
   8.5600000e-01   9.6554453e-01   9.6569961e-01
   8.6400000e-01   9.6553352e-01   9.6568481e-01
   8.7200000e-01   9.6534669e-01   9.6569137e-01
   8.8000000e-01   9.6532955e-01   9.6572822e-01
   8.8800000e-01   9.6558609e-01   9.6577602e-01
   8.9600000e-01   9.6577323e-01   9.6583370e-01
   9.0400000e-01   9.6582317e-01   9.6591658e-01
   9.1200000e-01   9.6562698e-01   9.6600981e-01
   9.2000000e-01   9.6589718e-01   9.6607112e-01
   9.2800000e-01   9.6597659e-01   9.6609200e-01
   9.3600000e-01   9.6572117e-01   9.6611653e-01
   9.4400000e-01   9.6589814e-01   9.6618183e-01
   9.5200000e-01   9.6602862e-01   9.6627354e-01
   9.6000000e-01   9.6605248e-01   9.6636050e-01
   9.6800000e-01   9.6610064e-01   9.6644131e-01
   9.7600000e-01   9.6638717e-01   9.6652736e-01
   9.8400000e-01   9.6640533e-01   9.6660417e-01
   9.9200000e-01   9.6665272e-01   9.6664641e-01
   1.0000000e+00   9.6674361e-01   9.6666318e-01
   1.0080000e+00   9.6655120e-01   9.6669616e-01
   1.0160000e+00   9.6672987e-01   9.6676972e-01
   1.0240000e+00   9.6702760e-01   9.6686421e-01
   1.0320000e+00   9.6713484e-01   9.6694319e-01
   1.0400000e+00   9.6749510e-01   9.6699057e-01
   1.0480000e+00   9.6751487e-01   9.6701482e-01
   1.0560000e+00   9.6757902e-01   9.6702950e-01
   1.0640000e+00   9.6729244e-01   9.6704082e-01
   1.0720000e+00   9.6738505e-01   9.6705209e-01
   1.0800000e+00   9.6717028e-01   9.6707184e-01
   1.0880000e+00   9.6766384e-01   9.6710965e-01
   1.0960000e+00   9.6762321e-01   9.6716000e-01
   1.1040000e+00   9.6771578e-01   9.6719563e-01
   1.1120000e+00   9.6750074e-01   9.6718903e-01
   1.1200000e+00   9.6770024e-01   9.6714367e-01
   1.1280000e+00   9.6790949e-01   9.6709509e-01
   1.1360000e+00   9.6794696e-01   9.6707580e-01
   1.1440000e+00   9.6794596e-01   9.6708597e-01
   1.1520000e+00   9.6767011e-01   9.6710221e-01
   1.1600000e+00   9.6787643e-01   9.6710487e-01
   1.1680000e+00   9.6751424e-01   9.6708820e-01
   1.1760000e+00   9.6773092e-01   9.6705243e-01
   1.1840000e+00   9.6783619e-01   9.6699972e-01
   1.1920000e+00   9.6745924e-01   9.6693890e-01
   1.2000000e+00   9.6691323e-01   9.6688608e-01
   1.2080000e+00   9.6683137e-01   9.6685626e-01
   1.2160000e+00   9.6614072e-01   9.6685276e-01
   1.2240000e+00   9.6628413e-01   9.6686088e-01
   1.2320000e+00   9.6671905e-01   9.6685225e-01
   1.2400000e+00   9.6645253e-01   9.6680435e-01
   1.2480000e+00   9.6711418e-01   9.6672275e-01
   1.2560000e+00   9.6708167e-01   9.6664072e-01
   1.2640000e+00   9.6752470e-01   9.6659168e-01
   1.2720000e+00   9.6733970e-01   9.6658286e-01
   1.2800000e+00   9.6706232e-01   9.6659549e-01
   1.2880000e+00   9.6645042e-01   9.6660325e-01
   1.2960000e+00   9.6648559e-01   9.6658709e-01
   1.3040000e+00   9.6623674e-01   9.6654166e-01
   1.3120000e+00   9.6571272e-01   9.6647765e-01
   1.3200000e+00   9.6608101e-01   9.6641714e-01
   1.3280000e+00   9.6650929e-01   9.6638039e-01
   1.3360000e+00   9.6736214e-01   9.6637500e-01
   1.3440000e+00   9.6616325e-01   9.6639555e-01
   1.3520000e+00   9.6594186e-01   9.6642646e-01
   1.3600000e+00   9.6604593e-01   9.6644394e-01
   1.3680000e+00   9.6668225e-01   9.6642621e-01
   1.3760000e+00   9.6731603e-01   9.6637240e-01
   1.3840000e+00   9.6711084e-01   9.6630969e-01
   1.3920000e+00   9.6646986e-01   9.6627517e-01
   1.4000000e+00   9.6750779e-01   9.6628930e-01
