   0.0000000e+00   1.0000000e+00   1.0000000e+00
   8.0000000e-03   9.9542286e-01   9.9614000e-01
   1.6000000e-02   9.8546990e-01   9.8688442e-01
   2.4000000e-02   9.7356789e-01   9.7702196e-01
   3.2000000e-02   9.6457887e-01   9.6985235e-01
   4.0000000e-02   9.6009242e-01   9.6572183e-01
   4.8000000e-02   9.5950853e-01   9.6362611e-01
   5.6000000e-02   9.6185366e-01   9.6297153e-01
   6.4000000e-02   9.6502776e-01   9.6353429e-01
   7.2000000e-02   9.6723865e-01   9.6466296e-01
   8.0000000e-02   9.6686810e-01   9.6536416e-01
   8.8000000e-02   9.6467886e-01   9.6506759e-01
   9.6000000e-02   9.6085758e-01   9.6390044e-01
   1.0400000e-01   9.5759876e-01   9.6228999e-01
   1.1200000e-01   9.5541159e-01   9.6061036e-01
   1.2000000e-01   9.5564906e-01   9.5915238e-01
   1.2800000e-01   9.5657063e-01   9.5809050e-01
   1.3600000e-01   9.5794540e-01   9.5735485e-01
   1.4400000e-01   9.5835364e-01   9.5668090e-01
   1.5200000e-01   9.5780044e-01   9.5586113e-01
   1.6000000e-01   9.5601192e-01   9.5488894e-01
   1.6800000e-01   9.5315729e-01   9.5387599e-01
   1.7600000e-01   9.5099112e-01   9.5294289e-01
   1.8400000e-01   9.5028240e-01   9.5219770e-01
   1.9200000e-01   9.5053744e-01   9.5170249e-01
   2.0000000e-01   9.5165325e-01   9.5140491e-01
   2.0800000e-01   9.5248156e-01   9.5115991e-01
   2.1600000e-01   9.5275136e-01   9.5085416e-01
   2.2400000e-01   9.5233065e-01   9.5048053e-01
   2.3200000e-01   9.5121238e-01   9.5009743e-01
   2.4000000e-01   9.4976173e-01   9.4977154e-01
   2.4800000e-01   9.4874925e-01   9.4956325e-01
   2.5600000e-01   9.4877464e-01   9.4950251e-01
   2.6400000e-01   9.4905751e-01   9.4954762e-01
   2.7200000e-01   9.4995414e-01   9.4960212e-01
   2.8000000e-01   9.5053870e-01   9.4959444e-01
   2.8800000e-01   9.5104926e-01   9.4952419e-01
   2.9600000e-01   9.5068402e-01   9.4943501e-01
   3.0400000e-01   9.4999601e-01   9.4937716e-01
   3.1200000e-01   9.4926251e-01   9.4939644e-01
   3.2000000e-01   9.4907035e-01   9.4951484e-01
   3.2800000e-01   9.4909864e-01   9.4970152e-01
   3.3600000e-01   9.4979975e-01   9.4988747e-01
   3.4400000e-01   9.5033054e-01   9.5002387e-01
   3.5200000e-01   9.5094917e-01   9.5011408e-01
   3.6000000e-01   9.5113919e-01   9.5019245e-01
   3.6800000e-01   9.5103724e-01   9.5029744e-01
   3.7600000e-01   9.5099232e-01   9.5046375e-01
   3.8400000e-01   9.5046494e-01   9.5070640e-01
   3.9200000e-01   9.5050311e-01   9.5099822e-01
   4.0000000e-01   9.5122734e-01   9.5128318e-01
   4.0800000e-01   9.5159827e-01   9.5152317e-01
   4.1600000e-01   9.5217860e-01   9.5172181e-01
   4.2400000e-01   9.5267089e-01   9.5190593e-01
   4.3200000e-01   9.5273017e-01   9.5210476e-01
   4.4000000e-01   9.5293814e-01   9.5234471e-01
   4.4800000e-01   9.5281903e-01   9.5263595e-01
   4.5600000e-01   9.5282319e-01   9.5295342e-01
   4.6400000e-01   9.5306521e-01   9.5324905e-01
   4.7200000e-01   9.5328420e-01   9.5349178e-01
   4.8000000e-01   9.5363422e-01   9.5368604e-01
   4.8800000e-01   9.5401189e-01   9.5385430e-01
   4.9600000e-01   9.5423452e-01   9.5402003e-01
   5.0400000e-01   9.5449438e-01   9.5420495e-01
   5.1200000e-01   9.5438400e-01   9.5441741e-01
   5.2000000e-01   9.5446386e-01   9.5463508e-01
   5.2800000e-01   9.5433055e-01   9.5481649e-01
   5.3600000e-01   9.5477555e-01   9.5493714e-01
   5.4400000e-01   9.5483952e-01   9.5500431e-01
   5.5200000e-01   9.5502096e-01   9.5503922e-01
   5.6000000e-01   9.5508283e-01   9.5506253e-01
   5.6800000e-01   9.5530534e-01   9.5509431e-01
   5.7600000e-01   9.5517187e-01   9.5514373e-01
   5.8400000e-01   9.5524120e-01   9.5519176e-01
   5.9200000e-01   9.5520102e-01   9.5520217e-01
   6.0000000e-01   9.5499327e-01   9.5515628e-01
   6.0800000e-01   9.5499761e-01   9.5506520e-01
   6.1600000e-01   9.5493425e-01   9.5495007e-01
   6.2400000e-01   9.5488022e-01   9.5482894e-01
   6.3200000e-01   9.5471299e-01   9.5472058e-01
   6.4000000e-01   9.5481174e-01   9.5463560e-01
   6.4800000e-01   9.5472445e-01   9.5455718e-01
   6.5600000e-01   9.5451230e-01   9.5445101e-01
   6.6400000e-01   9.5462415e-01   9.5430161e-01
   6.7200000e-01   9.5408524e-01   9.5412361e-01
   6.8000000e-01   9.5429894e-01   9.5393789e-01
   6.8800000e-01   9.5417891e-01   9.5375803e-01
   6.9600000e-01   9.5397674e-01   9.5360001e-01
   7.0400000e-01   9.5394529e-01   9.5347618e-01
   7.1200000e-01   9.5375525e-01   9.5337133e-01
   7.2000000e-01   9.5360932e-01   9.5324940e-01
   7.2800000e-01   9.5340952e-01   9.5309464e-01
   7.3600000e-01   9.5315019e-01   9.5292574e-01
   7.4400000e-01   9.5304713e-01   9.5276485e-01
   7.5200000e-01   9.5295049e-01   9.5261908e-01
   7.6000000e-01   9.5271543e-01   9.5249845e-01
   7.6800000e-01   9.5256338e-01   9.5241837e-01
   7.7600000e-01   9.5233844e-01   9.5236815e-01
   7.8400000e-01   9.5229389e-01   9.5230739e-01
   7.9200000e-01   9.5216123e-01   9.5221422e-01
   8.0000000e-01   9.5223396e-01   9.5211183e-01
   8.0800000e-01   9.5196627e-01   9.5203001e-01
   8.1600000e-01   9.5196690e-01   9.5196999e-01
   8.2400000e-01   9.5195643e-01   9.5192853e-01
   8.3200000e-01   9.5190841e-01   9.5192207e-01
   8.4000000e-01   9.5178165e-01   9.5195321e-01
   8.4800000e-01   9.5184869e-01   9.5198168e-01
   8.5600000e-01   9.5170239e-01   9.5196953e-01
   8.6400000e-01   9.5169192e-01   9.5193620e-01
   8.7200000e-01   9.5178665e-01   9.5192914e-01
   8.8000000e-01   9.5183878e-01   9.5195734e-01
   8.8800000e-01   9.5191768e-01   9.5199720e-01
   8.9600000e-01   9.5195908e-01   9.5204858e-01
   9.0400000e-01   9.5190543e-01   9.5213116e-01
   9.1200000e-01   9.5190795e-01   9.5222763e-01
   9.2000000e-01   9.5208202e-01   9.5228726e-01
   9.2800000e-01   9.5207616e-01   9.5229992e-01
   9.3600000e-01   9.5209264e-01   9.5231862e-01
   9.4400000e-01   9.5247324e-01   9.5238724e-01
   9.5200000e-01   9.5244638e-01   9.5248705e-01
   9.6000000e-01   9.5250262e-01   9.5257997e-01
   9.6800000e-01   9.5251137e-01   9.5266600e-01
   9.7600000e-01   9.5250437e-01   9.5276163e-01
   9.8400000e-01   9.5272725e-01   9.5285024e-01
   9.9200000e-01   9.5296246e-01   9.5289920e-01
   1.0000000e+00   9.5311147e-01   9.5291722e-01
   1.0080000e+00   9.5317671e-01   9.5295492e-01
   1.0160000e+00   9.5323336e-01   9.5304319e-01
   1.0240000e+00   9.5335007e-01   9.5315792e-01
   1.0320000e+00   9.5357927e-01   9.5325348e-01
   1.0400000e+00   9.5353083e-01   9.5331128e-01
   1.0480000e+00   9.5368793e-01   9.5334507e-01
   1.0560000e+00   9.5362875e-01   9.5337286e-01
   1.0640000e+00   9.5389051e-01   9.5339895e-01
   1.0720000e+00   9.5386147e-01   9.5342275e-01
   1.0800000e+00   9.5403170e-01   9.5345389e-01
   1.0880000e+00   9.5399986e-01   9.5350738e-01
   1.0960000e+00   9.5395019e-01   9.5357941e-01
   1.1040000e+00   9.5418725e-01   9.5363646e-01
   1.1120000e+00   9.5427004e-01   9.5364308e-01
   1.1200000e+00   9.5434677e-01   9.5360309e-01
   1.1280000e+00   9.5390149e-01   9.5356088e-01
   1.1360000e+00   9.5421239e-01   9.5355608e-01
   1.1440000e+00   9.5393205e-01   9.5358644e-01
   1.1520000e+00   9.5388395e-01   9.5362063e-01
   1.1600000e+00   9.5385076e-01   9.5363496e-01
   1.1680000e+00   9.5405979e-01   9.5362654e-01
   1.1760000e+00   9.5373997e-01   9.5359972e-01
   1.1840000e+00   9.5388438e-01   9.5355652e-01
   1.1920000e+00   9.5391334e-01   9.5350266e-01
   1.2000000e+00   9.5378916e-01   9.5345342e-01
   1.2080000e+00   9.5384285e-01   9.5342747e-01
   1.2160000e+00   9.5402871e-01   9.5343243e-01
   1.2240000e+00   9.5396093e-01   9.5345277e-01
   1.2320000e+00   9.5376513e-01   9.5345326e-01
   1.2400000e+00   9.5401377e-01   9.5340479e-01
   1.2480000e+00   9.5391388e-01   9.5331394e-01
   1.2560000e+00   9.5365674e-01   9.5322247e-01
   1.2640000e+00   9.5345110e-01   9.5317153e-01
   1.2720000e+00   9.5299971e-01   9.5316803e-01
   1.2800000e+00   9.5329529e-01   9.5318615e-01
   1.2880000e+00   9.5324503e-01   9.5319289e-01
   1.2960000e+00   9.5292533e-01   9.5316815e-01
   1.3040000e+00   9.5325205e-01   9.5311037e-01
   1.3120000e+00   9.5296314e-01   9.5303470e-01
   1.3200000e+00   9.5317738e-01   9.5296501e-01
   1.3280000e+00   9.5344820e-01   9.5292044e-01
   1.3360000e+00   9.5315543e-01   9.5290725e-01
   1.3440000e+00   9.5354440e-01   9.5292053e-01
   1.3520000e+00   9.5323615e-01   9.5294581e-01
   1.3600000e+00   9.5315545e-01   9.5295770e-01
   1.3680000e+00   9.5298011e-01   9.5293005e-01
   1.3760000e+00   9.5274728e-01   9.5285935e-01
   1.3840000e+00   9.5297297e-01   9.5277586e-01
   1.3920000e+00   9.5300074e-01   9.5272395e-01
   1.4000000e+00   9.5292968e-01   9.5272978e-01
