0.000000 1071178.357143 -11566.071429
4.000000 1065688.928571 -9122.357143
8.000000 1067524.857143 -8930.857143
12.000000 1070011.571429 -9714.785714
16.000000 1073690.642857 -9249.071429
20.000000 1078747.928571 -9407.428571
24.000000 1083803.500000 -9646.357143
28.000000 1089381.928571 -9524.142857
32.000000 1094980.928571 -9543.928571
36.000000 1099358.642857 -9738.928571
40.000000 1101769.000000 -9462.714286
44.000000 1103969.285714 -9467.928571
48.000000 1104088.428571 -9118.714286
52.000000 1101554.214286 -8836.500000
56.000000 1097784.285714 -8530.142857
60.000000 1092657.000000 -8677.428571
64.000000 1087329.000000 -8638.571429
68.000000 1082022.000000 -8737.714286
72.000000 1076300.428571 -9079.857143
76.000000 1072292.428571 -8595.785714
80.000000 1069084.142857 -8850.571429
84.000000 1067051.928571 -8699.928571
88.000000 1065170.428571 -8921.071429
92.000000 1064658.071429 -8903.000000
96.000000 1065633.928571 -9108.000000
100.000000 1066591.428571 -8658.785714
104.000000 1067459.357143 -8981.714286
108.000000 1068977.000000 -8633.214286
112.000000 1070094.785714 -8997.428571
116.000000 1071230.571429 -8737.357143
120.000000 1071420.928571 -9326.500000
124.000000 1071617.000000 -8923.857143
128.000000 1070463.571429 -8808.571429
132.000000 1069696.785714 -9133.285714
136.000000 1067776.857143 -8912.285714
140.000000 1066016.071429 -8413.285714
144.000000 1064545.142857 -8505.928571
148.000000 1062323.357143 -8969.000000
152.000000 1061209.714286 -8423.928571
156.000000 1060183.785714 -9147.142857
160.000000 1059639.857143 -8322.571429
164.000000 1059391.714286 -9029.142857
168.000000 1058751.714286 -9252.642857
172.000000 1059396.285714 -8655.928571
176.000000 1060145.928571 -8803.928571
180.000000 1059879.928571 -8637.928571
184.000000 1060234.642857 -8498.214286
188.000000 1060225.214286 -8634.214286
192.000000 1059919.928571 -8602.500000
196.000000 1059313.642857 -8825.571429
200.000000 1058550.142857 -8712.500000
204.000000 1057571.642857 -8741.642857
208.000000 1056733.857143 -8137.642857
212.000000 1054875.571429 -8949.071429
216.000000 1054538.285714 -7873.214286
220.000000 1052409.357143 -8239.500000
224.000000 1052235.142857 -8536.571429
228.000000 1051777.357143 -8197.285714
232.000000 1051826.928571 -8882.785714
236.000000 1051725.714286 -8541.071429
240.000000 1051705.071429 -8382.428571
244.000000 1052301.285714 -7903.500000
248.000000 1052628.142857 -9004.357143
252.000000 1052437.857143 -8759.500000
256.000000 1052759.428571 -8814.714286
260.000000 1052527.714286 -9080.000000
264.000000 1051548.571429 -8921.000000
268.000000 1051794.642857 -8276.857143
272.000000 1050791.214286 -8807.857143
276.000000 1050255.571429 -9007.000000
280.000000 1049752.785714 -8838.142857
284.000000 1048869.357143 -8979.714286
288.000000 1047943.500000 -8408.785714
292.000000 1047769.928571 -8648.785714
296.000000 1047305.071429 -8283.357143
300.000000 1047320.214286 -8443.071429
304.000000 1047249.285714 -8524.285714
308.000000 1047205.071429 -8645.785714
312.000000 1047169.928571 -8553.071429
316.000000 1047690.857143 -8322.571429
320.000000 1048111.500000 -8462.642857
324.000000 1047738.071429 -9169.500000
328.000000 1047652.000000 -8378.428571
332.000000 1047837.714286 -8445.142857
336.000000 1047906.785714 -8192.642857
340.000000 1047108.428571 -8859.714286
344.000000 1046368.428571 -8489.714286
348.000000 1046001.642857 -8728.214286
352.000000 1045736.071429 -8494.928571
356.000000 1044916.214286 -8728.071429
360.000000 1045046.285714 -8948.071429
364.000000 1044416.571429 -8157.571429
368.000000 1044380.571429 -9042.857143
372.000000 1044240.714286 -8439.428571
376.000000 1044484.928571 -8593.357143
380.000000 1044405.142857 -8899.000000
384.000000 1044883.428571 -8195.285714
388.000000 1044593.500000 -8294.428571
392.000000 1044626.142857 -8652.571429
396.000000 1044656.071429 -8746.285714
400.000000 1044622.142857 -8452.071429
404.000000 1045224.142857 -8713.928571
408.000000 1044599.857143 -8809.500000
412.000000 1044218.785714 -8655.214286
416.000000 1043999.857143 -8453.928571
420.000000 1043681.785714 -8725.285714
424.000000 1043193.357143 -8538.642857
428.000000 1043232.357143 -8104.785714
432.000000 1043044.428571 -8693.500000
436.000000 1043333.142857 -8213.857143
440.000000 1043070.642857 -8161.000000
444.000000 1042787.000000 -8197.071429
448.000000 1042590.071429 -8166.214286
452.000000 1042934.428571 -8748.214286
456.000000 1042993.928571 -8854.857143
460.000000 1043052.928571 -8531.500000
464.000000 1043282.571429 -8635.000000
468.000000 1043224.642857 -8330.571429
472.000000 1042843.500000 -8372.642857
476.000000 1043073.714286 -8433.000000
480.000000 1043119.071429 -8831.071429
484.000000 1042260.785714 -8913.285714
488.000000 1042175.642857 -8447.071429
492.000000 1042114.857143 -8800.642857
496.000000 1041707.428571 -8201.000000
500.000000 1041954.785714 -8724.071429
504.000000 1041951.357143 -8865.571429
508.000000 1041893.142857 -8250.142857
512.000000 1041872.214286 -8277.285714
516.000000 1041963.428571 -8562.857143
520.000000 1041756.214286 -8109.428571
524.000000 1042007.928571 -8627.857143
528.000000 1041900.285714 -8346.428571
532.000000 1041906.785714 -8518.714286
536.000000 1041290.571429 -8020.857143
540.000000 1041714.357143 -8398.500000
544.000000 1041536.500000 -8482.428571
548.000000 1041197.642857 -8443.357143
552.000000 1041127.928571 -8327.928571
556.000000 1040987.000000 -8439.500000
560.000000 1040848.000000 -8372.857143
564.000000 1040399.714286 -8793.642857
568.000000 1040554.428571 -8196.142857
572.000000 1040474.642857 -8337.357143
576.000000 1040274.285714 -8281.285714
580.000000 1039889.642857 -8769.857143
584.000000 1040211.642857 -8109.214286
588.000000 1040008.785714 -8737.857143
592.000000 1039887.000000 -8613.928571
596.000000 1039850.071429 -8562.571429
600.000000 1039671.428571 -8415.928571
604.000000 1039285.571429 -8550.500000
608.000000 1039151.428571 -8438.714286
612.000000 1039531.857143 -8145.785714
616.000000 1039067.214286 -8874.357143
620.000000 1038803.928571 -8094.642857
624.000000 1038771.071429 -8224.000000
628.000000 1038211.285714 -8444.285714
632.000000 1038055.571429 -8233.500000
636.000000 1037790.214286 -8746.928571
640.000000 1037341.714286 -8797.785714
644.000000 1037421.571429 -8380.571429
648.000000 1037008.857143 -8620.785714
652.000000 1036692.071429 -8409.214286
656.000000 1037120.500000 -8171.928571
660.000000 1036327.000000 -8605.571429
664.000000 1036702.071429 -8562.785714
668.000000 1036416.928571 -8446.428571
672.000000 1036146.285714 -8575.785714
676.000000 1035880.285714 -8108.785714
680.000000 1036002.928571 -8081.214286
684.000000 1035087.785714 -8389.428571
688.000000 1035157.000000 -8663.000000
692.000000 1034984.500000 -8143.571429
696.000000 1034748.142857 -8304.214286
700.000000 1034019.142857 -8335.285714
704.000000 1034880.285714 -8123.714286
708.000000 1033624.000000 -8533.214286
712.000000 1033604.214286 -8030.714286
716.000000 1033137.285714 -8770.785714
720.000000 1032974.714286 -8754.928571
724.000000 1032770.500000 -8107.428571
728.000000 1032200.428571 -8026.000000
732.000000 1032134.714286 -8358.500000
736.000000 1031944.142857 -8212.357143
740.000000 1031746.642857 -8161.142857
744.000000 1031573.571429 -8331.928571
748.000000 1031383.714286 -8047.928571
752.000000 1031000.714286 -7836.500000
756.000000 1030345.571429 -8251.142857
760.000000 1029968.857143 -7991.571429
764.000000 1030075.214286 -7766.928571
768.000000 1029269.571429 -7990.571429
772.000000 1029439.071429 -7960.642857
776.000000 1029012.857143 -8016.857143
780.000000 1028650.928571 -8000.000000
784.000000 1028590.357143 -8307.285714
788.000000 1028304.000000 -8097.500000
792.000000 1028057.214286 -7906.928571
796.000000 1027791.928571 -7958.214286
800.000000 1027273.357143 -8583.928571
804.000000 1027797.714286 -8048.714286
808.000000 1027241.285714 -8374.357143
812.000000 1026496.214286 -7644.071429
816.000000 1026735.142857 -7962.357143
820.000000 1026548.000000 -7937.428571
824.000000 1025888.857143 -8899.000000
828.000000 1026084.500000 -7453.857143
832.000000 1025548.428571 -7877.428571
836.000000 1025254.357143 -7988.000000
840.000000 1024851.142857 -7951.214286
844.000000 1024489.500000 -7626.428571
848.000000 1024068.214286 -8514.642857
852.000000 1024207.571429 -7993.857143
856.000000 1024043.500000 -8321.000000
860.000000 1023824.285714 -8257.928571
864.000000 1023534.142857 -8339.571429
868.000000 1023008.357143 -8128.714286
872.000000 1023004.500000 -7979.071429
876.000000 1022759.785714 -8164.857143
880.000000 1022305.571429 -8159.785714
884.000000 1022550.142857 -8525.428571
888.000000 1022341.642857 -8128.928571
892.000000 1021682.500000 -8249.214286
896.000000 1022162.071429 -8183.500000
900.000000 1021778.285714 -7913.357143
904.000000 1021606.285714 -8083.785714
908.000000 1020948.928571 -8063.714286
912.000000 1020920.357143 -7741.214286
916.000000 1020621.571429 -8251.000000
920.000000 1020510.428571 -7654.285714
924.000000 1020144.214286 -7987.857143
928.000000 1020009.000000 -8160.357143
932.000000 1019744.000000 -8103.285714
936.000000 1019573.357143 -8028.642857
940.000000 1019741.714286 -7945.642857
944.000000 1019708.928571 -7791.571429
948.000000 1019412.714286 -8096.142857
952.000000 1018898.428571 -7725.500000
956.000000 1018891.000000 -8062.214286
960.000000 1018738.000000 -8094.571429
964.000000 1018437.714286 -8440.928571
968.000000 1018223.714286 -8143.500000
972.000000 1018168.928571 -7779.928571
976.000000 1018092.428571 -7915.142857
980.000000 1018080.000000 -7926.571429
984.000000 1017426.071429 -7769.642857
988.000000 1017615.214286 -8041.357143
992.000000 1017632.714286 -8322.785714
996.000000 1017267.000000 -8078.000000
1000.000000 1016787.000000 -8047.214286
1004.000000 1016943.857143 -8096.785714
1008.000000 1017193.357143 -7859.857143
1012.000000 1016728.928571 -7686.500000
1016.000000 1016353.357143 -7899.785714
1020.000000 1016444.714286 -7838.357143
1024.000000 1016133.714286 -8360.500000
1028.000000 1016118.000000 -8191.071429
1032.000000 1015882.357143 -8016.928571
1036.000000 1015500.071429 -7913.000000
1040.000000 1015487.857143 -7927.642857
1044.000000 1014948.714286 -7723.785714
1048.000000 1015434.642857 -8039.142857
1052.000000 1015190.714286 -7720.357143
1056.000000 1015294.642857 -7663.500000
1060.000000 1014887.857143 -7561.928571
1064.000000 1014922.214286 -7887.214286
1068.000000 1014352.500000 -8314.428571
1072.000000 1014489.785714 -7685.285714
1076.000000 1014024.642857 -7872.214286
1080.000000 1013698.071429 -7531.357143
1084.000000 1013474.714286 -7525.928571
1088.000000 1013695.357143 -7978.785714
1092.000000 1013883.928571 -7970.285714
1096.000000 1013324.642857 -7831.285714
1100.000000 1013126.714286 -7723.285714
1104.000000 1012969.000000 -7873.214286
1108.000000 1013069.071429 -7528.642857
1112.000000 1012637.928571 -8050.428571
1116.000000 1012549.642857 -8006.142857
1120.000000 1012306.928571 -8287.428571
1124.000000 1012263.214286 -7648.428571
1128.000000 1012055.428571 -7358.428571
1132.000000 1011433.428571 -7945.214286
1136.000000 1011680.428571 -7442.857143
1140.000000 1011387.571429 -7664.642857
1144.000000 1010971.857143 -7754.714286
1148.000000 1011038.214286 -7772.928571
1152.000000 1010756.571429 -7871.500000
1156.000000 1010604.500000 -8140.714286
1160.000000 1010612.642857 -7970.642857
1164.000000 1010368.785714 -7971.785714
1168.000000 1010167.428571 -7579.214286
1172.000000 1010063.071429 -7169.071429
1176.000000 1009639.642857 -7483.642857
1180.000000 1009398.000000 -7607.000000
1184.000000 1009242.142857 -7377.642857
1188.000000 1008892.857143 -7315.500000
1192.000000 1008608.214286 -7849.428571
1196.000000 1008218.928571 -8169.000000
1200.000000 1008365.714286 -7744.714286
1204.000000 1007834.500000 -7921.500000
1208.000000 1007416.142857 -7557.571429
1212.000000 1007340.714286 -7438.214286
1216.000000 1006838.285714 -7644.142857
1220.000000 1006779.000000 -7972.285714
1224.000000 1006942.642857 -7828.357143
1228.000000 1006604.500000 -7519.214286
1232.000000 1006050.285714 -8418.142857
1236.000000 1005878.142857 -7717.928571
1240.000000 1005753.071429 -7606.714286
1244.000000 1005394.285714 -8149.428571
1248.000000 1005357.642857 -7723.571429
1252.000000 1005364.500000 -7877.142857
1256.000000 1005055.071429 -7486.571429
1260.000000 1004928.000000 -7688.214286
1264.000000 1005024.785714 -8172.071429
1268.000000 1005121.642857 -8216.857143
1272.000000 1004586.500000 -7666.428571
1276.000000 1003947.428571 -8146.714286
1280.000000 1003778.714286 -7509.428571
1284.000000 1003743.071429 -7544.571429
1288.000000 1003424.357143 -7498.142857
1292.000000 1002628.500000 -7464.071429
1296.000000 1002554.142857 -7557.928571
1300.000000 1002068.571429 -8100.642857
1304.000000 1001883.642857 -8463.714286
1308.000000 1001899.500000 -8470.642857
1312.000000 1001275.142857 -7575.142857
1316.000000 1000787.857143 -7585.714286
1320.000000 1000808.285714 -6866.071429
1324.000000 1000791.857143 -7383.785714
1328.000000 1000292.357143 -7667.357143
1332.000000 1000097.357143 -7934.500000
1336.000000 999935.214286 -8100.857143
1340.000000 999056.571429 -8200.142857
1344.000000 999031.071429 -8087.000000
1348.000000 998897.285714 -7188.857143
1352.000000 999266.500000 -7754.428571
1356.000000 998594.571429 -7756.785714
1360.000000 998235.857143 -8329.285714
1364.000000 998179.857143 -8586.000000
1368.000000 997960.214286 -8564.142857
1372.000000 997794.142857 -7947.428571
1376.000000 997621.214286 -7117.571429
1380.000000 997655.714286 -7245.071429
1384.000000 997631.500000 -7337.928571
1388.000000 997643.714286 -8079.928571
1392.000000 996950.214286 -9316.500000
1396.000000 996144.785714 -9311.285714
1400.000000 996356.928571 -8794.214286