9.0993       0.0000       
9.1003       0.0000       
9.1013       0.0000       
9.1023       0.0000       
9.1033       0.0000       
9.1043       0.0000       
9.1053       0.0000       
9.1063       0.0000       
9.1073       0.0000       
9.1083       0.0000       
9.1093       0.0000       
9.1103       0.0000       
9.1113       0.0000       
9.1123       0.0000       
9.1133       0.0000       
9.1143       0.0000       
9.1153       0.0000       
9.1163       0.0000       
9.1173       0.0000       
9.1183       0.0000       
9.1193       0.0000       
9.1203       0.0000       
9.1213       0.0000       
9.1223       0.0000       
9.1233       0.0000       
9.1243       0.0000       
9.1253       0.0000       
9.1263       0.0000       
9.1273       0.0000       
9.1283       0.0000       
9.1293       0.0000       
9.1303       0.0000       
9.1313       0.0000       
9.1323       0.0000       
9.1333       0.0000       
9.1343       0.0000       
9.1353       0.0000       
9.1363       0.0000       
9.1373       0.0000       
9.1383       0.0000       
9.1393       0.0000       
9.1403       0.0000       
9.1413       0.0000       
9.1423       0.0000       
9.1433       0.0000       
9.1443       0.0000       
9.1453       0.0000       
9.1463       0.0000       
9.1473       0.0000       
9.1483       0.0000       
9.1493       0.0000       
9.1503       0.0000       
9.1513       0.0000       
9.1523       0.0000       
9.1533       0.0000       
9.1543       0.0000       
9.1553       0.0000       
9.1563       0.0000       
9.1573       0.0000       
9.1583       0.0000       
9.1593       0.0000       
9.1603       0.0000       
9.1613       0.0000       
9.1623       0.0000       
9.1633       0.0000       
9.1643       0.0000       
9.1653       0.0000       
9.1663       0.0000       
9.1673       0.0000       
9.1683       0.0000       
9.1693       0.0000       
9.1703       0.0000       
9.1713       0.0000       
9.1723       0.0000       
9.1733       0.0000       
9.1743       0.0000       
9.1753       0.0000       
9.1763       0.0000       
9.1773       0.0000       
9.1783       0.0000       
9.1793       0.0000       
9.1803       0.0000       
9.1813       0.0000       
9.1823       0.0000       
9.1833       0.0000       
9.1843       0.0000       
9.1853       0.0000       
9.1863       0.0000       
9.1873       0.0000       
9.1883       0.0000       
9.1893       0.0000       
9.1903       0.0000       
9.1913       0.0000       
9.1923       0.0000       
9.1933       0.0000       
9.1943       0.0000       
9.1953       0.0000       
9.1963       0.0000       
9.1973       0.0000       
9.1983       0.0000       
9.1993       0.2500       
9.2003       0.0000       
9.2013       0.0000       
9.2023       0.2500       
9.2033       0.0000       
9.2043       0.0000       
9.2053       0.0000       
9.2063       0.0000       
9.2073       0.0000       
9.2083       0.0000       
9.2093       0.2500       
9.2103       0.0000       
9.2113       0.0000       
9.2123       0.0000       
9.2133       0.0000       
9.2143       0.0000       
9.2153       0.2500       
9.2163       0.0000       
9.2173       0.0000       
9.2183       0.0000       
9.2193       0.2500       
9.2203       0.2500       
9.2213       0.2500       
9.2223       0.2500       
9.2233       0.2500       
9.2243       0.0000       
9.2253       0.0000       
9.2263       0.5000       
9.2273       0.5000       
9.2283       0.0000       
9.2293       0.0000       
9.2303       0.2500       
9.2313       0.0000       
9.2323       0.0000       
9.2333       0.5000       
9.2343       0.2500       
9.2353       0.0000       
9.2363       0.0000       
9.2373       0.7500       
9.2383       0.2500       
9.2393       0.2500       
9.2403       0.0000       
9.2413       0.0000       
9.2423       0.0000       
9.2433       0.0000       
9.2443       0.2500       
9.2453       0.5000       
9.2463       0.2500       
9.2473       0.5000       
9.2483       0.0000       
9.2493       0.5000       
9.2503       0.2500       
9.2513       0.0000       
9.2523       0.0000       
9.2533       0.2500       
9.2543       0.5000       
9.2553       0.5000       
9.2563       0.7500       
9.2573       1.0000       
9.2583       0.5000       
9.2593       0.0000       
9.2603       0.2500       
9.2613       0.7500       
9.2623       0.0000       
9.2633       1.0000       
9.2643       0.2500       
9.2653       0.7500       
9.2663       0.2500       
9.2673       1.5000       
9.2683       0.7500       
9.2693       0.2500       
9.2703       2.0000       
9.2713       2.0000       
9.2723       0.7500       
9.2733       2.2500       
9.2743       1.2500       
9.2753       1.7500       
9.2763       1.0000       
9.2773       2.2500       
9.2783       1.0000       
9.2793       1.0000       
9.2803       2.0000       
9.2813       2.0000       
9.2823       1.7500       
9.2833       1.0000       
9.2843       1.5000       
9.2853       0.7500       
9.2863       1.7500       
9.2873       1.7500       
9.2883       2.0000       
9.2893       2.0000       
9.2903       1.7500       
9.2913       1.7500       
9.2923       1.5000       
9.2933       2.5000       
9.2943       2.7500       
9.2953       3.0000       
9.2963       3.5000       
9.2973       2.2500       
9.2983       1.5000       
9.2993       3.0000       
9.3003       3.5000       
9.3013       3.7500       
9.3023       3.2500       
9.3033       2.5000       
9.3043       3.2500       
9.3053       3.2500       
9.3063       2.5000       
9.3073       5.2500       
9.3083       3.2500       
9.3093       6.5000       
9.3103       3.2500       
9.3113       4.2500       
9.3123       5.5000       
9.3133       2.7500       
9.3143       4.2500       
9.3153       5.7500       
9.3163       5.2500       
9.3173       6.2500       
9.3183       5.2500       
9.3193       5.0000       
9.3203       7.0000       
9.3213       7.2500       
9.3223       4.2500       
9.3233       8.0000       
9.3243       8.5000       
9.3253       7.0000       
9.3263       8.7500       
9.3273       7.5000       
9.3283       8.5000       
9.3293       9.2500       
9.3303       8.5000       
9.3313       9.0000       
9.3323       8.0000       
9.3333       10.2500      
9.3343       9.2500       
9.3353       9.2500       
9.3363       11.0000      
9.3373       8.2500       
9.3383       11.0000      
9.3393       9.2500       
9.3403       10.0000      
9.3413       13.0000      
9.3423       14.2500      
9.3433       11.5000      
9.3443       12.2500      
9.3453       11.5000      
9.3463       9.5000       
9.3473       12.0000      
9.3483       13.5000      
9.3493       11.2500      
9.3503       11.2500      
9.3513       15.5000      
9.3523       14.7500      
9.3533       13.5000      
9.3543       11.0000      
9.3553       17.0000      
9.3563       18.5000      
9.3573       19.7500      
9.3583       17.0000      
9.3593       17.0000      
9.3603       15.5000      
9.3613       17.2500      
9.3623       15.7500      
9.3633       18.5000      
9.3643       21.0000      
9.3653       21.2500      
9.3663       22.2500      
9.3673       20.5000      
9.3683       24.0000      
9.3693       28.7500      
9.3703       23.0000      
9.3713       21.2500      
9.3723       25.2500      
9.3733       27.2500      
9.3743       31.0000      
9.3753       26.5000      
9.3763       23.0000      
9.3773       26.7500      
9.3783       35.0000      
9.3793       26.5000      
9.3803       36.0000      
9.3813       35.2500      
9.3823       34.2500      
9.3833       31.0000      
9.3843       37.2500      
9.3853       35.5000      
9.3863       36.5000      
9.3873       30.7500      
9.3883       36.7500      
9.3893       40.5000      
9.3903       40.0000      
9.3913       42.7500      
9.3923       46.2500      
9.3933       46.5000      
9.3943       42.5000      
9.3953       51.7500      
9.3963       48.2500      
9.3973       45.5000      
9.3983       44.7500      
9.3993       51.2500      
9.4003       53.0000      
9.4013       56.7500      
9.4023       51.7500      
9.4033       54.0000      
9.4043       58.2500      
9.4053       56.5000      
9.4063       48.0000      
9.4073       58.0000      
9.4083       62.7500      
9.4093       60.2500      
9.4103       57.5000      
9.4113       68.0000      
9.4123       66.5000      
9.4133       67.0000      
9.4143       69.5000      
9.4153       74.7500      
9.4163       69.2500      
9.4173       61.5000      
9.4183       69.7500      
9.4193       67.0000      
9.4203       78.7500      
9.4213       81.5000      
9.4223       77.0000      
9.4233       85.0000      
9.4243       80.7500      
9.4253       85.2500      
9.4263       83.2500      
9.4273       92.0000      
9.4283       91.2500      
9.4293       94.7500      
9.4303       96.5000      
9.4313       81.2500      
9.4323       96.2500      
9.4333       95.5000      
9.4343       102.0000     
9.4353       95.2500      
9.4363       101.5000     
9.4373       108.0000     
9.4383       99.7500      
9.4393       110.7500     
9.4403       105.5000     
9.4413       114.7500     
9.4423       109.2500     
9.4433       115.7500     
9.4443       122.0000     
9.4453       125.7500     
9.4463       128.7500     
9.4473       115.7500     
9.4483       124.2500     
9.4493       128.0000     
9.4503       136.5000     
9.4513       131.7500     
9.4523       133.0000     
9.4533       138.5000     
9.4543       140.0000     
9.4553       134.2500     
9.4563       145.2500     
9.4573       141.5000     
9.4583       128.0000     
9.4593       149.0000     
9.4603       154.7500     
9.4613       144.7500     
9.4623       149.0000     
9.4633       156.0000     
9.4643       157.0000     
9.4653       169.2500     
9.4663       157.5000     
9.4673       161.7500     
9.4683       159.5000     
9.4693       168.5000     
9.4703       176.5000     
9.4713       172.7500     
9.4723       167.5000     
9.4733       164.5000     
9.4743       188.5000     
9.4753       188.2500     
9.4763       187.0000     
9.4773       187.5000     
9.4783       199.5000     
9.4793       183.7500     
9.4803       197.2500     
9.4813       192.5000     
9.4823       194.5000     
9.4833       207.0000     
9.4843       201.0000     
9.4853       191.7500     
9.4863       218.7500     
9.4873       214.2500     
9.4883       212.0000     
9.4893       223.5000     
9.4903       215.7500     
9.4913       217.5000     
9.4923       209.7500     
9.4933       238.5000     
9.4943       223.7500     
9.4953       232.0000     
9.4963       243.7500     
9.4973       232.2500     
9.4983       235.5000     
9.4993       234.5000     
9.5003       233.0000     
9.5013       238.5000     
9.5023       256.5000     
9.5033       251.5000     
9.5043       252.7500     
9.5053       256.2500     
9.5063       250.0000     
9.5073       274.7500     
9.5083       256.2500     
9.5093       277.5000     
9.5103       278.0000     
9.5113       283.0000     
9.5123       267.2500     
9.5133       279.2500     
9.5143       272.2500     
9.5153       265.0000     
9.5163       287.5000     
9.5173       291.2500     
9.5183       285.7500     
9.5193       294.0000     
9.5203       282.5000     
9.5213       292.0000     
9.5223       299.2500     
9.5233       296.0000     
9.5243       296.5000     
9.5253       294.5000     
9.5263       317.2500     
9.5273       314.7500     
9.5283       296.5000     
9.5293       312.7500     
9.5303       323.7500     
9.5313       304.7500     
9.5323       334.2500     
9.5333       318.7500     
9.5343       320.5000     
9.5353       325.0000     
9.5363       329.5000     
9.5373       341.7500     
9.5383       334.2500     
9.5393       343.0000     
9.5403       332.5000     
9.5413       339.0000     
9.5423       350.2500     
9.5433       344.7500     
9.5443       340.5000     
9.5453       358.0000     
9.5463       327.2500     
9.5473       336.2500     
9.5483       346.5000     
9.5493       338.2500     
9.5503       360.0000     
9.5513       342.2500     
9.5523       356.5000     
9.5533       344.5000     
9.5543       370.7500     
9.5553       356.2500     
9.5563       358.0000     
9.5573       356.5000     
9.5583       364.2500     
9.5593       354.2500     
9.5603       364.2500     
9.5613       371.2500     
9.5623       369.2500     
9.5633       382.7500     
9.5643       385.0000     
9.5653       378.7500     
9.5663       388.2500     
9.5673       382.7500     
9.5683       373.2500     
9.5693       388.5000     
9.5703       382.7500     
9.5713       381.7500     
9.5723       394.0000     
9.5733       403.7500     
9.5743       376.7500     
9.5753       381.0000     
9.5763       395.5000     
9.5773       399.0000     
9.5783       409.0000     
9.5793       399.7500     
9.5803       394.0000     
9.5813       394.0000     
9.5823       407.5000     
9.5833       407.0000     
9.5843       419.2500     
9.5853       417.0000     
9.5863       421.0000     
9.5873       419.5000     
9.5883       438.2500     
9.5893       422.5000     
9.5903       413.7500     
9.5913       403.5000     
9.5923       411.0000     
9.5933       417.7500     
9.5943       398.5000     
9.5953       413.5000     
9.5963       422.2500     
9.5973       435.5000     
9.5983       434.0000     
9.5993       441.0000     
9.6003       436.7500     
9.6013       433.0000     
9.6023       459.2500     
9.6033       435.5000     
9.6043       427.5000     
9.6053       432.5000     
9.6063       423.2500     
9.6073       452.0000     
9.6083       443.2500     
9.6093       443.2500     
9.6103       438.5000     
9.6113       445.7500     
9.6123       451.0000     
9.6133       457.0000     
9.6143       463.5000     
9.6153       446.5000     
9.6163       450.7500     
9.6173       432.2500     
9.6183       439.2500     
9.6193       446.0000     
9.6203       435.0000     
9.6213       439.5000     
9.6223       427.5000     
9.6233       451.7500     
9.6243       447.7500     
9.6253       451.0000     
9.6263       450.0000     
9.6273       457.5000     
9.6283       453.0000     
9.6293       464.5000     
9.6303       455.2500     
9.6313       454.5000     
9.6323       446.0000     
9.6333       462.5000     
9.6343       455.0000     
9.6353       467.7500     
9.6363       455.5000     
9.6373       444.7500     
9.6383       474.0000     
9.6393       460.0000     
9.6403       447.0000     
9.6413       454.7500     
9.6423       469.0000     
9.6433       476.2500     
9.6443       455.7500     
9.6453       461.0000     
9.6463       480.0000     
9.6473       460.5000     
9.6483       464.7500     
9.6493       474.2500     
9.6503       459.7500     
9.6513       459.5000     
9.6523       452.5000     
9.6533       450.0000     
9.6543       457.7500     
9.6553       454.0000     
9.6563       460.0000     
9.6573       471.5000     
9.6583       460.2500     
9.6593       451.0000     
9.6603       468.7500     
9.6613       465.5000     
9.6623       461.5000     
9.6633       465.5000     
9.6643       460.2500     
9.6653       480.5000     
9.6663       486.0000     
9.6673       457.7500     
9.6683       470.5000     
9.6693       469.0000     
9.6703       455.5000     
9.6713       467.2500     
9.6723       490.7500     
9.6733       466.2500     
9.6743       460.0000     
9.6753       468.2500     
9.6763       450.5000     
9.6773       467.5000     
9.6783       469.2500     
9.6793       470.0000     
9.6803       469.7500     
9.6813       464.7500     
9.6823       449.0000     
9.6833       450.0000     
9.6843       458.0000     
9.6853       466.5000     
9.6863       471.0000     
9.6873       470.0000     
9.6883       445.7500     
9.6893       448.7500     
9.6903       452.5000     
9.6913       471.2500     
9.6923       450.2500     
9.6933       449.7500     
9.6943       466.7500     
9.6953       469.0000     
9.6963       450.0000     
9.6973       447.7500     
9.6983       458.7500     
9.6993       457.0000     
9.7003       450.5000     
9.7013       459.5000     
9.7023       459.2500     
9.7033       462.7500     
9.7043       449.5000     
9.7053       434.7500     
9.7063       442.5000     
9.7073       462.2500     
9.7083       453.5000     
9.7093       436.7500     
9.7103       466.7500     
9.7113       433.7500     
9.7123       451.0000     
9.7133       443.0000     
9.7143       465.2500     
9.7153       441.5000     
9.7163       441.0000     
9.7173       447.7500     
9.7183       436.7500     
9.7193       446.0000     
9.7203       440.5000     
9.7213       438.2500     
9.7223       443.5000     
9.7233       442.0000     
9.7243       451.7500     
9.7253       448.5000     
9.7263       438.5000     
9.7273       437.0000     
9.7283       441.7500     
9.7293       441.2500     
9.7303       444.5000     
9.7313       423.7500     
9.7323       436.2500     
9.7333       443.2500     
9.7343       428.5000     
9.7353       432.0000     
9.7363       422.5000     
9.7373       428.2500     
9.7383       433.2500     
9.7393       439.2500     
9.7403       414.5000     
9.7413       433.7500     
9.7423       410.7500     
9.7433       418.2500     
9.7443       401.0000     
9.7453       408.2500     
9.7463       412.2500     
9.7473       411.5000     
9.7483       419.2500     
9.7493       409.0000     
9.7503       411.7500     
9.7513       415.5000     
9.7523       422.0000     
9.7533       404.7500     
9.7543       413.5000     
9.7553       415.7500     
9.7563       409.7500     
9.7573       418.0000     
9.7583       431.2500     
9.7593       413.7500     
9.7603       410.2500     
9.7613       415.2500     
9.7623       398.2500     
9.7633       422.0000     
9.7643       389.7500     
9.7653       403.2500     
9.7663       395.0000     
9.7673       396.5000     
9.7683       391.7500     
9.7693       405.0000     
9.7703       407.0000     
9.7713       386.5000     
9.7723       398.7500     
9.7733       375.2500     
9.7743       390.5000     
9.7753       395.2500     
9.7763       390.2500     
9.7773       396.0000     
9.7783       376.7500     
9.7793       380.2500     
9.7803       392.7500     
9.7813       376.0000     
9.7823       370.5000     
9.7833       363.0000     
9.7843       379.5000     
9.7853       364.5000     
9.7863       386.7500     
9.7873       366.5000     
9.7883       357.2500     
9.7893       391.5000     
9.7903       379.7500     
9.7913       362.5000     
9.7923       367.0000     
9.7933       346.2500     
9.7943       384.7500     
9.7953       363.7500     
9.7963       366.5000     
9.7973       376.7500     
9.7983       371.2500     
9.7993       366.5000     
9.8003       365.7500     
9.8013       357.7500     
9.8023       374.0000     
9.8033       373.7500     
9.8043       350.0000     
9.8053       356.7500     
9.8063       360.0000     
9.8073       351.2500     
9.8083       346.0000     
9.8093       346.0000     
9.8103       356.5000     
9.8113       332.0000     
9.8123       341.5000     
9.8133       345.2500     
9.8143       338.5000     
9.8153       338.0000     
9.8163       345.2500     
9.8173       329.5000     
9.8183       350.2500     
9.8193       344.5000     
9.8203       314.7500     
9.8213       338.5000     
9.8223       334.7500     
9.8233       344.2500     
9.8243       340.5000     
9.8253       358.5000     
9.8263       325.0000     
9.8273       345.2500     
9.8283       313.2500     
9.8293       319.5000     
9.8303       332.5000     
9.8313       347.5000     
9.8323       323.2500     
9.8333       324.5000     
9.8343       324.2500     
9.8353       308.2500     
9.8363       315.2500     
9.8373       321.7500     
9.8383       319.7500     
9.8393       317.2500     
9.8403       329.7500     
9.8413       316.7500     
9.8423       307.5000     
9.8433       309.7500     
9.8443       295.0000     
9.8453       297.5000     
9.8463       317.0000     
9.8473       312.2500     
9.8483       328.5000     
9.8493       303.2500     
9.8503       300.2500     
9.8513       314.5000     
9.8523       305.5000     
9.8533       301.2500     
9.8543       300.7500     
9.8553       299.7500     
9.8563       299.0000     
9.8573       296.5000     
9.8583       308.7500     
9.8593       295.0000     
9.8603       283.2500     
9.8613       286.0000     
9.8623       291.7500     
9.8633       296.5000     
9.8643       287.0000     
9.8653       302.2500     
9.8663       292.5000     
9.8673       303.7500     
9.8683       295.5000     
9.8693       282.0000     
9.8703       285.2500     
9.8713       275.7500     
9.8723       282.2500     
9.8733       284.5000     
9.8743       291.0000     
9.8753       277.5000     
9.8763       273.0000     
9.8773       274.2500     
9.8783       274.7500     
9.8793       270.7500     
9.8803       269.2500     
9.8813       264.0000     
9.8823       273.2500     
9.8833       266.0000     
9.8843       268.7500     
9.8853       279.2500     
9.8863       277.0000     
9.8873       262.7500     
9.8883       257.7500     
9.8893       270.0000     
9.8903       269.5000     
9.8913       266.7500     
9.8923       270.2500     
9.8933       253.0000     
9.8943       257.5000     
9.8953       251.7500     
9.8963       256.5000     
9.8973       251.2500     
9.8983       253.0000     
9.8993       264.0000     
9.9003       246.7500     
9.9013       259.2500     
9.9023       247.2500     
9.9033       253.0000     
9.9043       258.2500     
9.9053       256.7500     
9.9063       258.5000     
9.9073       240.5000     
9.9083       246.0000     
9.9093       243.2500     
9.9103       241.0000     
9.9113       248.5000     
9.9123       250.5000     
9.9133       242.0000     
9.9143       255.5000     
9.9153       241.0000     
9.9163       238.7500     
9.9173       230.0000     
9.9183       233.2500     
9.9193       252.0000     
9.9203       237.7500     
9.9213       238.7500     
9.9223       221.7500     
9.9233       241.2500     
9.9243       236.2500     
9.9253       236.7500     
9.9263       244.7500     
9.9273       230.2500     
9.9283       229.5000     
9.9293       226.2500     
9.9303       221.2500     
9.9313       223.7500     
9.9323       236.7500     
9.9333       235.0000     
9.9343       234.5000     
9.9353       230.0000     
9.9363       229.7500     
9.9373       226.2500     
9.9383       221.5000     
9.9393       231.2500     
9.9403       216.5000     
9.9413       228.5000     
9.9423       234.2500     
9.9433       227.7500     
9.9443       217.5000     
9.9453       209.5000     
9.9463       228.0000     
9.9473       229.5000     
9.9483       229.0000     
9.9493       214.0000     
9.9503       209.2500     
9.9513       226.5000     
9.9523       225.0000     
9.9533       229.7500     
9.9543       214.0000     
9.9553       225.2500     
9.9563       220.2500     
9.9573       239.0000     
9.9583       207.0000     
9.9593       210.0000     
9.9603       205.7500     
9.9613       225.7500     
9.9623       200.2500     
9.9633       222.7500     
9.9643       208.0000     
9.9653       219.7500     
9.9663       218.0000     
9.9673       203.7500     
9.9683       215.5000     
9.9693       220.7500     
9.9703       207.7500     
9.9713       203.0000     
9.9723       218.7500     
9.9733       204.0000     
9.9743       199.2500     
9.9753       211.5000     
9.9763       212.7500     
9.9773       219.2500     
9.9783       212.2500     
9.9793       202.2500     
9.9803       203.0000     
9.9813       199.0000     
9.9823       199.7500     
9.9833       197.7500     
9.9843       198.2500     
9.9853       197.5000     
9.9863       192.2500     
9.9873       196.0000     
9.9883       205.0000     
9.9893       202.0000     
9.9903       182.2500     
9.9913       187.2500     
9.9923       193.7500     
9.9933       205.7500     
9.9943       197.2500     
9.9953       207.5000     
9.9963       203.0000     
9.9973       196.2500     
9.9983       188.2500     
9.9993       202.5000     
10.0003      199.2500     
10.0013      190.2500     
10.0023      204.0000     
10.0033      196.7500     
10.0043      201.5000     
10.0053      187.7500     
10.0063      197.5000     
10.0073      196.0000     
10.0083      200.2500     
10.0093      196.2500     
10.0103      177.5000     
10.0113      194.0000     
10.0123      190.7500     
10.0133      180.2500     
10.0143      189.7500     
10.0153      190.2500     
10.0163      177.0000     
10.0173      198.5000     
10.0183      192.5000     
10.0193      183.7500     
10.0203      195.5000     
10.0213      198.0000     
10.0223      191.5000     
10.0233      191.0000     
10.0243      186.7500     
10.0253      184.5000     
10.0263      198.5000     
10.0273      188.0000     
10.0283      188.5000     
10.0293      188.7500     
10.0303      190.2500     
10.0313      183.5000     
10.0323      181.2500     
10.0333      188.0000     
10.0343      176.7500     
10.0353      196.5000     
10.0363      185.2500     
10.0373      187.5000     
10.0383      189.2500     
10.0393      189.2500     
10.0403      180.0000     
10.0413      184.5000     
10.0423      174.5000     
10.0433      187.0000     
10.0443      183.2500     
10.0453      187.7500     
10.0463      178.5000     
10.0473      173.5000     
10.0483      167.7500     
10.0493      174.0000     
10.0503      182.5000     
10.0513      184.0000     
10.0523      189.0000     
10.0533      160.0000     
10.0543      183.5000     
10.0553      175.5000     
10.0563      182.7500     
10.0573      174.7500     
10.0583      175.5000     
10.0593      181.7500     
10.0603      170.0000     
10.0613      178.7500     
10.0623      186.0000     
10.0633      172.0000     
10.0643      176.7500     
10.0653      168.5000     
10.0663      174.5000     
10.0673      174.5000     
10.0683      178.7500     
10.0693      160.2500     
10.0703      176.0000     
10.0713      169.2500     
10.0723      159.2500     
10.0733      174.0000     
10.0743      176.0000     
10.0753      180.7500     
10.0763      178.5000     
10.0773      175.5000     
10.0783      172.0000     
10.0793      163.5000     
10.0803      166.0000     
10.0813      173.7500     
10.0823      164.7500     
10.0833      170.5000     
10.0843      167.5000     
10.0853      168.2500     
10.0863      170.0000     
10.0873      171.5000     
10.0883      162.7500     
10.0893      166.2500     
10.0903      181.0000     
10.0913      168.5000     
10.0923      165.0000     
10.0933      163.5000     
10.0943      174.2500     
10.0953      168.2500     
10.0963      157.7500     
10.0973      171.0000     
10.0983      162.2500     
10.0993      168.0000     
10.1003      163.5000     
10.1013      165.0000     
10.1023      160.0000     
10.1033      173.7500     
10.1043      166.5000     
10.1053      162.0000     
10.1063      162.5000     
10.1073      171.5000     
10.1083      153.0000     
10.1093      166.0000     
10.1103      171.5000     
10.1113      175.2500     
10.1123      164.5000     
10.1133      169.7500     
10.1143      176.2500     
10.1153      171.5000     
10.1163      168.5000     
10.1173      173.0000     
10.1183      169.5000     
10.1193      168.5000     
10.1203      170.2500     
10.1213      162.2500     
10.1223      179.7500     
10.1233      171.0000     
10.1243      180.5000     
10.1253      161.2500     
10.1263      163.7500     
10.1273      171.2500     
10.1283      168.5000     
10.1293      149.2500     
10.1303      161.0000     
10.1313      162.5000     
10.1323      172.0000     
10.1333      168.7500     
10.1343      154.5000     
10.1353      166.2500     
10.1363      155.2500     
10.1373      155.0000     
10.1383      159.2500     
10.1393      151.5000     
10.1403      159.0000     
10.1413      155.2500     
10.1423      165.2500     
10.1433      165.7500     
10.1443      158.7500     
10.1453      160.2500     
10.1463      160.7500     
10.1473      162.0000     
10.1483      151.0000     
10.1493      159.2500     
10.1503      150.0000     
10.1513      163.2500     
10.1523      160.7500     
10.1533      167.7500     
10.1543      150.2500     
10.1553      159.2500     
10.1563      154.2500     
10.1573      154.7500     
10.1583      159.5000     
10.1593      172.5000     
10.1603      163.5000     
10.1613      154.0000     
10.1623      161.2500     
10.1633      156.2500     
10.1643      153.0000     
10.1653      158.5000     
10.1663      162.0000     
10.1673      164.2500     
10.1683      145.7500     
10.1693      150.0000     
10.1703      165.0000     
10.1713      145.2500     
10.1723      161.7500     
10.1733      161.5000     
10.1743      156.2500     
10.1753      156.0000     
10.1763      160.7500     
10.1773      160.5000     
10.1783      169.0000     
10.1793      154.7500     
10.1803      151.7500     
10.1813      167.2500     
10.1823      161.2500     
10.1833      152.2500     
10.1843      161.2500     
10.1853      157.5000     
10.1863      144.5000     
10.1873      162.7500     
10.1883      166.2500     
10.1893      153.5000     
10.1903      165.2500     
10.1913      143.0000     
10.1923      161.0000     
10.1933      146.2500     
10.1943      158.5000     
10.1953      150.5000     
10.1963      151.5000     
10.1973      141.5000     
10.1983      157.2500     
10.1993      148.2500     
10.2003      156.2500     
10.2013      147.2500     
10.2023      156.7500     
10.2033      159.7500     
10.2043      145.7500     
10.2053      156.0000     
10.2063      149.2500     
10.2073      140.5000     
10.2083      135.7500     
10.2093      153.2500     
10.2103      146.7500     
10.2113      146.2500     
10.2123      148.2500     
10.2133      145.0000     
10.2143      144.0000     
10.2153      155.0000     
10.2163      143.0000     
10.2173      145.0000     
10.2183      139.7500     
10.2193      145.0000     
10.2203      142.7500     
10.2213      148.2500     
10.2223      148.2500     
10.2233      148.5000     
10.2243      150.0000     
10.2253      143.5000     
10.2263      157.5000     
10.2273      151.0000     
10.2283      137.5000     
10.2293      154.7500     
10.2303      141.2500     
10.2313      141.0000     
10.2323      148.7500     
10.2333      153.2500     
10.2343      137.5000     
10.2353      148.0000     
10.2363      154.0000     
10.2373      143.2500     
10.2383      148.0000     
10.2393      137.5000     
10.2403      150.5000     
10.2413      145.7500     
10.2423      149.0000     
10.2433      157.0000     
10.2443      141.2500     
10.2453      143.2500     
10.2463      150.2500     
10.2473      140.0000     
10.2483      140.0000     
10.2493      143.2500     
10.2503      145.7500     
10.2513      143.7500     
10.2523      136.2500     
10.2533      144.5000     
10.2543      145.2500     
10.2553      142.0000     
10.2563      134.0000     
10.2573      136.0000     
10.2583      133.2500     
10.2593      145.5000     
10.2603      127.0000     
10.2613      130.5000     
10.2623      147.7500     
10.2633      135.7500     
10.2643      136.2500     
10.2653      127.7500     
10.2663      133.2500     
10.2673      131.7500     
10.2683      134.5000     
10.2693      146.2500     
10.2703      133.0000     
10.2713      136.5000     
10.2723      131.2500     
10.2733      145.5000     
10.2743      136.0000     
10.2753      139.7500     
10.2763      138.2500     
10.2773      131.5000     
10.2783      136.5000     
10.2793      137.0000     
10.2803      132.0000     
10.2813      137.7500     
10.2823      134.2500     
10.2833      142.2500     
10.2843      125.7500     
10.2853      143.5000     
10.2863      128.5000     
10.2873      130.7500     
10.2883      137.7500     
10.2893      129.7500     
10.2903      136.7500     
10.2913      129.2500     
10.2923      133.2500     
10.2933      126.7500     
10.2943      134.7500     
10.2953      130.5000     
10.2963      124.5000     
10.2973      129.7500     
10.2983      127.0000     
10.2993      131.0000     
10.3003      131.5000     
10.3013      130.0000     
10.3023      130.5000     
10.3033      139.2500     
10.3043      125.0000     
10.3053      132.7500     
10.3063      127.2500     
10.3073      123.2500     
10.3083      125.2500     
10.3093      127.7500     
10.3103      131.7500     
10.3113      128.5000     
10.3123      116.5000     
10.3133      114.2500     
10.3143      129.2500     
10.3153      127.2500     
10.3163      121.0000     
10.3173      123.2500     
10.3183      129.2500     
10.3193      126.7500     
10.3203      126.0000     
10.3213      115.7500     
10.3223      117.5000     
10.3233      125.7500     
10.3243      111.2500     
10.3253      127.7500     
10.3263      133.0000     
10.3273      121.7500     
10.3283      125.5000     
10.3293      115.2500     
10.3303      105.5000     
10.3313      123.0000     
10.3323      118.0000     
10.3333      120.5000     
10.3343      124.2500     
10.3353      126.2500     
10.3363      122.2500     
10.3373      114.5000     
10.3383      117.0000     
10.3393      118.0000     
10.3403      118.7500     
10.3413      114.5000     
10.3423      117.7500     
10.3433      114.7500     
10.3443      125.2500     
10.3453      119.5000     
10.3463      121.0000     
10.3473      117.5000     
10.3483      116.0000     
10.3493      120.5000     
10.3503      119.7500     
10.3513      120.7500     
10.3523      123.0000     
10.3533      104.2500     
10.3543      113.7500     
10.3553      114.7500     
10.3563      105.0000     
10.3573      109.5000     
10.3583      115.2500     
10.3593      116.7500     
10.3603      112.7500     
10.3613      116.0000     
10.3623      107.0000     
10.3633      117.5000     
10.3643      107.0000     
10.3653      104.7500     
10.3663      103.7500     
10.3673      112.2500     
10.3683      103.7500     
10.3693      110.2500     
10.3703      109.5000     
10.3713      116.5000     
10.3723      110.7500     
10.3733      107.0000     
10.3743      118.7500     
10.3753      118.5000     
10.3763      109.5000     
10.3773      109.7500     
10.3783      96.5000      
10.3793      104.5000     
10.3803      105.7500     
10.3813      115.7500     
10.3823      114.2500     
10.3833      104.0000     
10.3843      105.7500     
10.3853      102.0000     
10.3863      100.5000     
10.3873      103.0000     
10.3883      103.0000     
10.3893      97.2500      
10.3903      97.0000      
10.3913      100.2500     
10.3923      102.2500     
10.3933      120.5000     
10.3943      105.0000     
10.3953      100.0000     
10.3963      103.0000     
10.3973      94.5000      
10.3983      106.5000     
10.3993      106.7500     
10.4003      100.5000     
10.4013      96.7500      
10.4023      93.7500      
10.4033      112.0000     
10.4043      99.2500      
10.4053      103.5000     
10.4063      103.0000     
10.4073      94.7500      
10.4083      93.0000      
10.4093      98.5000      
10.4103      103.7500     
10.4113      95.7500      
10.4123      97.0000      
10.4133      92.2500      
10.4143      100.2500     
10.4153      103.0000     
10.4163      96.5000      
10.4173      99.0000      
10.4183      103.2500     
10.4193      95.7500      
10.4203      103.7500     
10.4213      105.0000     
10.4223      94.5000      
10.4233      90.2500      
10.4243      95.5000      
10.4253      95.7500      
10.4263      94.2500      
10.4273      92.7500      
10.4283      101.0000     
10.4293      103.0000     
10.4303      94.0000      
10.4313      98.7500      
10.4323      82.5000      
10.4333      100.0000     
10.4343      95.0000      
10.4353      93.0000      
10.4363      96.2500      
10.4373      88.5000      
10.4383      94.2500      
10.4393      95.5000      
10.4403      93.5000      
10.4413      96.7500      
10.4423      97.2500      
10.4433      89.2500      
10.4443      92.0000      
10.4453      97.7500      
10.4463      97.5000      
10.4473      93.7500      
10.4483      90.7500      
10.4493      86.0000      
10.4503      91.5000      
10.4513      90.7500      
10.4523      90.2500      
10.4533      90.5000      
10.4543      87.0000      
10.4553      87.0000      
10.4563      87.0000      
10.4573      93.7500      
10.4583      87.7500      
10.4593      85.5000      
10.4603      85.7500      
10.4613      94.2500      
10.4623      90.5000      
10.4633      99.5000      
10.4643      84.2500      
10.4653      91.5000      
10.4663      85.7500      
10.4673      92.5000      
10.4683      81.0000      
10.4693      88.0000      
10.4703      86.5000      
10.4713      94.0000      
10.4723      88.0000      
10.4733      85.5000      
10.4743      89.0000      
10.4753      93.0000      
10.4763      81.7500      
10.4773      84.0000      
10.4783      94.5000      
10.4793      92.5000      
10.4803      96.0000      
10.4813      89.7500      
10.4823      90.0000      
10.4833      88.0000      
10.4843      93.2500      
10.4853      90.5000      
10.4863      93.5000      
10.4873      94.0000      
10.4883      93.5000      
10.4893      87.0000      
10.4903      80.7500      
10.4913      87.7500      
10.4923      81.0000      
10.4933      83.0000      
10.4943      83.2500      
10.4953      90.7500      
10.4963      80.7500      
10.4973      86.0000      
10.4983      83.2500      
10.4993      91.7500      
10.5003      90.0000      
10.5013      85.7500      
10.5023      88.5000      
10.5033      83.0000      
10.5043      88.7500      
10.5053      81.5000      
10.5063      88.2500      
10.5073      79.0000      
10.5083      81.5000      
10.5093      89.5000      
10.5103      79.5000      
10.5113      80.7500      
10.5123      75.0000      
10.5133      78.5000      
10.5143      81.2500      
10.5153      83.5000      
10.5163      82.2500      
10.5173      83.2500      
10.5183      83.5000      
10.5193      84.0000      
10.5203      83.2500      
10.5213      81.0000      
10.5223      78.7500      
10.5233      80.5000      
10.5243      78.5000      
10.5253      76.2500      
10.5263      83.5000      
10.5273      83.7500      
10.5283      80.0000      
10.5293      80.2500      
10.5303      89.7500      
10.5313      86.5000      
10.5323      78.0000      
10.5333      82.2500      
10.5343      76.2500      
10.5353      78.5000      
10.5363      73.7500      
10.5373      84.5000      
10.5383      76.0000      
10.5393      83.7500      
10.5403      73.7500      
10.5413      78.0000      
10.5423      81.5000      
10.5433      77.5000      
10.5443      80.5000      
10.5453      82.0000      
10.5463      84.0000      
10.5473      81.7500      
10.5483      79.0000      
10.5493      77.5000      
10.5503      77.7500      
10.5513      82.7500      
10.5523      80.7500      
10.5533      75.5000      
10.5543      83.2500      
10.5553      83.0000      
10.5563      75.0000      
10.5573      82.0000      
10.5583      77.2500      
10.5593      78.0000      
10.5603      78.7500      
10.5613      79.7500      
10.5623      86.7500      
10.5633      79.0000      
10.5643      81.7500      
10.5653      79.5000      
10.5663      87.2500      
10.5673      77.5000      
10.5683      79.0000      
10.5693      86.2500      
10.5703      77.5000      
10.5713      76.7500      
10.5723      81.5000      
10.5733      78.0000      
10.5743      76.0000      
10.5753      82.5000      
10.5763      86.2500      
10.5773      78.5000      
10.5783      74.2500      
10.5793      77.2500      
10.5803      73.5000      
10.5813      78.0000      
10.5823      81.5000      
10.5833      73.0000      
10.5843      86.2500      
10.5853      89.0000      
10.5863      82.2500      
10.5873      77.5000      
10.5883      74.0000      
10.5893      66.5000      
10.5903      88.2500      
10.5913      73.7500      
10.5923      75.5000      
10.5933      79.0000      
10.5943      73.7500      
10.5953      74.0000      
10.5963      74.7500      
10.5973      63.5000      
10.5983      74.0000      
10.5993      84.7500      
10.6003      75.2500      
10.6013      74.2500      
10.6023      82.0000      
10.6033      84.7500      
10.6043      84.2500      
10.6053      82.0000      
10.6063      76.5000      
10.6073      81.0000      
10.6083      81.2500      
10.6093      85.2500      
10.6103      72.5000      
10.6113      78.7500      
10.6123      76.0000      
10.6133      77.0000      
10.6143      75.7500      
10.6153      75.0000      
10.6163      76.2500      
10.6173      78.0000      
10.6183      87.0000      
10.6193      79.7500      
10.6203      67.2500      
10.6213      73.7500      
10.6223      69.5000      
10.6233      72.7500      
10.6243      78.0000      
10.6253      79.2500      
10.6263      82.0000      
10.6273      77.2500      
10.6283      76.5000      
10.6293      73.7500      
10.6303      74.5000      
10.6313      77.0000      
10.6323      79.2500      
10.6333      73.5000      
10.6343      76.7500      
10.6353      75.2500      
10.6363      75.7500      
10.6373      74.2500      
10.6383      79.2500      
10.6393      76.5000      
10.6403      78.5000      
10.6413      74.5000      
10.6423      68.7500      
10.6433      77.2500      
10.6443      75.0000      
10.6453      80.5000      
10.6463      75.2500      
10.6473      75.7500      
10.6483      78.0000      
10.6493      73.7500      
10.6503      72.2500      
10.6513      71.0000      
10.6523      75.5000      
10.6533      86.0000      
10.6543      68.0000      
10.6553      73.2500      
10.6563      66.0000      
10.6573      75.2500      
10.6583      72.7500      
10.6593      78.5000      
10.6603      67.7500      
10.6613      77.7500      
10.6623      73.2500      
10.6633      71.5000      
10.6643      70.5000      
10.6653      80.0000      
10.6663      78.0000      
10.6673      76.0000      
10.6683      78.0000      
10.6693      77.0000      
10.6703      77.7500      
10.6713      67.5000      
10.6723      70.7500      
10.6733      73.0000      
10.6743      65.5000      
10.6753      72.0000      
10.6763      73.0000      
10.6773      74.2500      
10.6783      70.5000      
10.6793      75.5000      
10.6803      66.7500      
10.6813      78.5000      
10.6823      68.7500      
10.6833      78.0000      
10.6843      75.0000      
10.6853      75.2500      
10.6863      77.0000      
10.6873      74.2500      
10.6883      76.5000      
10.6893      74.7500      
10.6903      75.2500      
10.6913      70.7500      
10.6923      79.2500      
10.6933      65.5000      
10.6943      82.2500      
10.6953      73.2500      
10.6963      73.7500      
10.6973      82.5000      
10.6983      71.7500      
10.6993      70.0000      
10.7003      67.7500      
10.7013      73.2500      
10.7023      76.0000      
10.7033      73.5000      
10.7043      75.7500      
10.7053      68.2500      
10.7063      73.2500      
10.7073      67.0000      
10.7083      71.2500      
10.7093      67.5000      
10.7103      69.7500      
10.7113      78.5000      
10.7123      81.2500      
10.7133      71.2500      
10.7143      73.5000      
10.7153      77.0000      
10.7163      71.7500      
10.7173      74.2500      
10.7183      65.0000      
10.7193      69.5000      
10.7203      68.7500      
10.7213      72.5000      
10.7223      68.5000      
10.7233      69.5000      
10.7243      80.7500      
10.7253      66.0000      
10.7263      67.2500      
10.7273      70.0000      
10.7283      73.0000      
10.7293      70.5000      
10.7303      68.0000      
10.7313      65.2500      
10.7323      59.5000      
10.7333      74.5000      
10.7343      67.5000      
10.7353      69.0000      
10.7363      73.0000      
10.7373      70.2500      
10.7383      71.7500      
10.7393      76.5000      
10.7403      75.5000      
10.7413      70.7500      
10.7423      63.5000      
10.7433      64.2500      
10.7443      78.7500      
10.7453      72.7500      
10.7463      72.5000      
10.7473      61.5000      
10.7483      70.2500      
10.7493      68.7500      
10.7503      64.5000      
10.7513      66.5000      
10.7523      69.2500      
10.7533      64.2500      
10.7543      68.2500      
10.7553      63.0000      
10.7563      67.0000      
10.7573      61.5000      
10.7583      68.7500      
10.7593      67.7500      
10.7603      65.5000      
10.7613      68.0000      
10.7623      65.2500      
10.7633      67.5000      
10.7643      66.5000      
10.7653      59.5000      
10.7663      62.0000      
10.7673      66.2500      
10.7683      59.2500      
10.7693      59.0000      
10.7703      64.7500      
10.7713      69.0000      
10.7723      60.5000      
10.7733      64.5000      
10.7743      67.0000      
10.7753      66.0000      
10.7763      63.5000      
10.7773      60.7500      
10.7783      62.2500      
10.7793      66.5000      
10.7803      71.0000      
10.7813      65.2500      
10.7823      66.7500      
10.7833      60.0000      
10.7843      67.2500      
10.7853      64.2500      
10.7863      58.5000      
10.7873      58.5000      
10.7883      65.5000      
10.7893      59.7500      
10.7903      56.5000      
10.7913      57.5000      
10.7923      69.0000      
10.7933      65.5000      
10.7943      61.7500      
10.7953      67.2500      
10.7963      59.7500      
10.7973      58.0000      
10.7983      56.5000      
10.7993      66.5000      
10.8003      64.7500      
10.8013      64.5000      
10.8023      60.5000      
10.8033      59.0000      
10.8043      59.7500      
10.8053      63.7500      
10.8063      62.7500      
10.8073      49.2500      
10.8083      55.0000      
10.8093      56.2500      
10.8103      53.2500      
10.8113      65.0000      
10.8123      49.7500      
10.8133      57.2500      
10.8143      56.0000      
10.8153      61.0000      
10.8163      53.0000      
10.8173      56.2500      
10.8183      56.0000      
10.8193      51.0000      
10.8203      54.0000      
10.8213      57.0000      
10.8223      50.5000      
10.8233      51.5000      
10.8243      52.5000      
10.8253      59.2500      
10.8263      61.5000      
10.8273      59.0000      
10.8283      56.5000      
10.8293      58.5000      
10.8303      51.2500      
10.8313      62.0000      
10.8323      53.2500      
10.8333      53.2500      
10.8343      53.0000      
10.8353      59.5000      
10.8363      51.7500      
10.8373      49.7500      
10.8383      53.0000      
10.8393      52.5000      
10.8403      60.0000      
10.8413      46.7500      
10.8423      51.5000      
10.8433      52.7500      
10.8443      50.0000      
10.8453      49.2500      
10.8463      51.7500      
10.8473      58.5000      
10.8483      48.0000      
10.8493      46.7500      
10.8503      52.0000      
10.8513      49.0000      
10.8523      44.7500      
10.8533      49.5000      
10.8543      52.7500      
10.8553      45.5000      
10.8563      54.0000      
10.8573      51.5000      
10.8583      45.7500      
10.8593      46.0000      
10.8603      47.0000      
10.8613      49.7500      
10.8623      50.5000      
10.8633      48.5000      
10.8643      51.2500      
10.8653      51.5000      
10.8663      49.7500      
10.8673      45.0000      
10.8683      48.5000      
10.8693      50.0000      
10.8703      50.0000      
10.8713      45.2500      
10.8723      41.0000      
10.8733      48.0000      
10.8743      46.0000      
10.8753      45.7500      
10.8763      44.0000      
10.8773      42.5000      
10.8783      45.5000      
10.8793      45.2500      
10.8803      48.0000      
10.8813      49.5000      
10.8823      43.7500      
10.8833      50.7500      
10.8843      44.5000      
10.8853      44.5000      
10.8863      49.2500      
10.8873      38.5000      
10.8883      44.2500      
10.8893      39.5000      
10.8903      47.2500      
10.8913      48.2500      
10.8923      43.0000      
10.8933      43.5000      
10.8943      41.5000      
10.8953      38.2500      
10.8963      40.7500      
10.8973      41.2500      
10.8983      43.5000      
10.8993      44.2500      
10.9003      40.5000      
10.9013      43.5000      
10.9023      37.5000      
10.9033      48.7500      
10.9043      44.5000      
10.9053      43.5000      
10.9063      37.0000      
10.9073      44.7500      
10.9083      43.5000      
10.9093      43.5000      
10.9103      37.7500      
10.9113      38.0000      
10.9123      43.2500      
10.9133      40.0000      
10.9143      44.5000      
10.9153      44.5000      
10.9163      38.5000      
10.9173      35.7500      
10.9183      35.0000      
10.9193      38.0000      
10.9203      41.0000      
10.9213      46.7500      
10.9223      39.7500      
10.9233      34.5000      
10.9243      39.0000      
10.9253      40.7500      
10.9263      42.7500      
10.9273      39.2500      
10.9283      38.2500      
10.9293      38.7500      
10.9303      39.2500      
10.9313      38.0000      
10.9323      34.7500      
10.9333      43.5000      
10.9343      34.5000      
10.9353      36.2500      
10.9363      42.2500      
10.9373      30.5000      
10.9383      39.7500      
10.9393      36.5000      
10.9403      38.7500      
10.9413      36.5000      
10.9423      39.7500      
10.9433      36.0000      
10.9443      34.7500      
10.9453      36.7500      
10.9463      43.5000      
10.9473      39.0000      
10.9483      35.5000      
10.9493      33.0000      
10.9503      33.5000      
10.9513      36.5000      
10.9523      37.0000      
10.9533      36.0000      
10.9543      41.2500      
10.9553      37.5000      
10.9563      32.7500      
10.9573      38.2500      
10.9583      33.2500      
10.9593      44.0000      
10.9603      33.5000      
10.9613      30.0000      
10.9623      34.2500      
10.9633      33.5000      
10.9643      29.5000      
10.9653      30.7500      
10.9663      33.7500      
10.9673      33.5000      
10.9683      39.7500      
10.9693      30.7500      
10.9703      28.7500      
10.9713      36.7500      
10.9723      29.2500      
10.9733      35.0000      
10.9743      32.2500      
10.9753      32.5000      
10.9763      37.7500      
10.9773      32.2500      
10.9783      26.5000      
10.9793      33.7500      
10.9803      34.2500      
10.9813      29.7500      
10.9823      37.0000      
10.9833      43.5000      
10.9843      33.7500      
10.9853      40.0000      
10.9863      31.5000      
10.9873      30.5000      
10.9883      37.7500      
10.9893      35.5000      
10.9903      31.5000      
10.9913      33.0000      
10.9923      30.5000      
10.9933      36.7500      
10.9943      30.2500      
10.9953      33.0000      
10.9963      30.2500      
10.9973      33.5000      
10.9983      30.0000      
10.9993      34.7500      
11.0003      30.2500      
11.0013      35.5000      
11.0023      31.2500      
11.0033      36.5000      
11.0043      37.0000      
11.0053      39.7500      
11.0063      32.2500      
11.0073      36.0000      
11.0083      32.2500      
11.0093      33.5000      
11.0103      36.7500      
11.0113      32.2500      
11.0123      32.0000      
11.0133      36.2500      
11.0143      28.7500      
11.0153      32.7500      
11.0163      29.7500      
11.0173      30.0000      
11.0183      33.0000      
11.0193      31.7500      
11.0203      35.7500      
11.0213      34.7500      
11.0223      31.2500      
11.0233      34.7500      
11.0243      33.5000      
11.0253      38.2500      
11.0263      32.7500      
11.0273      34.7500      
11.0283      34.2500      
11.0293      30.5000      
11.0303      30.5000      
11.0313      31.7500      
11.0323      32.5000      
11.0333      31.2500      
11.0343      33.5000      
11.0353      32.7500      
11.0363      29.2500      
11.0373      35.0000      
11.0383      33.0000      
11.0393      37.7500      
11.0403      34.2500      
11.0413      29.5000      
11.0423      34.2500      
11.0433      35.2500      
11.0443      29.7500      
11.0453      27.7500      
11.0463      26.5000      
11.0473      36.7500      
11.0483      31.0000      
11.0493      34.0000      
11.0503      34.2500      
11.0513      30.5000      
11.0523      29.2500      
11.0533      35.2500      
11.0543      31.7500      
11.0553      30.0000      
11.0563      33.7500      
11.0573      25.5000      
11.0583      28.0000      
11.0593      29.7500      
11.0603      34.5000      
11.0613      35.5000      
11.0623      28.0000      
11.0633      32.2500      
11.0643      28.2500      
11.0653      29.5000      
11.0663      30.5000      
11.0673      31.7500      
11.0683      35.2500      
11.0693      27.0000      
11.0703      32.5000      
11.0713      33.7500      
11.0723      32.2500      
11.0733      28.2500      
11.0743      32.5000      
11.0753      34.7500      
11.0763      33.2500      
11.0773      29.7500      
11.0783      32.5000      
11.0793      30.7500      
11.0803      30.0000      
11.0813      33.5000      
11.0823      32.2500      
11.0833      34.2500      
11.0843      33.7500      
11.0853      31.0000      
11.0863      31.5000      
11.0873      32.0000      
11.0883      31.7500      
11.0893      31.5000      
11.0903      34.7500      
11.0913      32.5000      
11.0923      27.5000      
11.0933      32.7500      
11.0943      32.2500      
11.0953      29.7500      
11.0963      29.7500      
11.0973      30.0000      
11.0983      33.7500      
11.0993      34.5000      
11.1003      33.2500      
11.1013      28.5000      
11.1023      27.5000      
11.1033      29.5000      
11.1043      35.5000      
11.1053      29.5000      
11.1063      34.2500      
11.1073      34.7500      
11.1083      37.0000      
11.1093      33.7500      
11.1103      32.0000      
11.1113      30.2500      
11.1123      29.2500      
11.1133      30.2500      
11.1143      32.7500      
11.1153      34.2500      
11.1163      26.2500      
11.1173      31.5000      
11.1183      29.2500      
11.1193      32.2500      
11.1203      31.2500      
11.1213      34.7500      
11.1223      27.0000      
11.1233      28.5000      
11.1243      32.2500      
11.1253      29.7500      
11.1263      26.5000      
11.1273      32.7500      
11.1283      29.2500      
11.1293      27.2500      
11.1303      30.7500      
11.1313      37.2500      
11.1323      31.5000      
11.1333      31.0000      
11.1343      26.5000      
11.1353      30.2500      
11.1363      33.0000      
11.1373      25.2500      
11.1383      27.5000      
11.1393      28.2500      
11.1403      33.2500      
11.1413      33.0000      
11.1423      29.2500      
11.1433      30.2500      
11.1443      30.2500      
11.1453      32.2500      
11.1463      29.7500      
11.1473      31.2500      
11.1483      30.5000      
11.1493      27.0000      
11.1503      29.7500      
11.1513      28.2500      
11.1523      29.2500      
11.1533      31.2500      
11.1543      35.0000      
11.1553      32.7500      
11.1563      27.7500      
11.1573      28.0000      
11.1583      27.5000      
11.1593      25.5000      
11.1603      28.2500      
11.1613      31.7500      
11.1623      29.5000      
11.1633      29.5000      
11.1643      27.5000      
11.1653      27.2500      
11.1663      33.0000      
11.1673      30.7500      
11.1683      29.7500      
11.1693      29.2500      
11.1703      31.0000      
11.1713      33.0000      
11.1723      28.0000      
11.1733      30.2500      
11.1743      31.7500      
11.1753      31.5000      
11.1763      26.0000      
11.1773      26.7500      
11.1783      25.5000      
11.1793      27.5000      
11.1803      32.7500      
11.1813      31.2500      
11.1823      29.2500      
11.1833      31.5000      
11.1843      24.0000      
11.1853      29.0000      
11.1863      24.0000      
11.1873      27.2500      
11.1883      24.0000      
11.1893      29.7500      
11.1903      27.0000      
11.1913      27.2500      
11.1923      28.7500      
11.1933      25.7500      
11.1943      30.2500      
11.1953      30.7500      
11.1963      30.2500      
11.1973      32.5000      
11.1983      27.7500      
11.1993      28.0000      
11.2003      28.7500      
11.2013      27.7500      
11.2023      29.2500      
11.2033      31.0000      
11.2043      31.5000      
11.2053      29.7500      
11.2063      26.2500      
11.2073      24.7500      
11.2083      27.0000      
11.2093      25.7500      
11.2103      27.7500      
11.2113      27.5000      
11.2123      25.0000      
11.2133      26.5000      
11.2143      26.2500      
11.2153      26.5000      
11.2163      27.7500      
11.2173      26.7500      
11.2183      25.5000      
11.2193      24.2500      
11.2203      28.2500      
11.2213      19.7500      
11.2223      25.5000      
11.2233      28.5000      
11.2243      23.0000      
11.2253      27.7500      
11.2263      25.7500      
11.2273      27.2500      
11.2283      23.7500      
11.2293      28.5000      
11.2303      24.2500      
11.2313      27.2500      
11.2323      21.2500      
11.2333      27.0000      
11.2343      24.7500      
11.2353      22.5000      
11.2363      31.2500      
11.2373      26.7500      
11.2383      29.5000      
11.2393      25.2500      
11.2403      28.7500      
11.2413      24.5000      
11.2423      26.7500      
11.2433      26.2500      
11.2443      23.0000      
11.2453      21.2500      
11.2463      23.7500      
11.2473      23.5000      
11.2483      29.7500      
11.2493      23.0000      
11.2503      23.2500      
11.2513      26.7500      
11.2523      23.2500      
11.2533      17.2500      
11.2543      22.5000      
11.2553      21.5000      
11.2563      25.7500      
11.2573      27.5000      
11.2583      22.7500      
11.2593      24.0000      
11.2603      23.5000      
11.2613      27.0000      
11.2623      24.5000      
11.2633      24.5000      
11.2643      25.7500      
11.2653      20.7500      
11.2663      20.5000      
11.2673      23.7500      
11.2683      22.0000      
11.2693      20.0000      
11.2703      23.0000      
11.2713      23.5000      
11.2723      16.5000      
11.2733      21.2500      
11.2743      17.7500      
11.2753      21.0000      
11.2763      20.2500      
11.2773      21.2500      
11.2783      24.5000      
11.2793      19.7500      
11.2803      18.2500      
11.2813      21.7500      
11.2823      20.2500      
11.2833      22.0000      
11.2843      19.7500      
11.2853      17.7500      
11.2863      21.2500      
11.2873      21.2500      
11.2883      21.0000      
11.2893      20.2500      
11.2903      17.0000      
11.2913      20.2500      
11.2923      16.0000      
11.2933      16.7500      
11.2943      16.5000      
11.2953      19.0000      
11.2963      13.7500      
11.2973      19.2500      
11.2983      16.7500      
11.2993      16.0000      
11.3003      17.0000      
11.3013      16.0000      
11.3023      17.2500      
11.3033      17.7500      
11.3043      15.0000      
11.3053      16.2500      
11.3063      18.7500      
11.3073      14.7500      
11.3083      18.2500      
11.3093      12.5000      
11.3103      19.2500      
11.3113      22.7500      
11.3123      17.7500      
11.3133      13.5000      
11.3143      20.2500      
11.3153      16.5000      
11.3163      13.7500      
11.3173      17.2500      
11.3183      14.7500      
11.3193      13.7500      
11.3203      17.5000      
11.3213      18.7500      
11.3223      14.5000      
11.3233      12.5000      
11.3243      16.2500      
11.3253      17.0000      
11.3263      13.5000      
11.3273      15.7500      
11.3283      17.5000      
11.3293      14.0000      
11.3303      13.7500      
11.3313      12.0000      
11.3323      12.5000      
11.3333      13.5000      
11.3343      11.2500      
11.3353      14.7500      
11.3363      11.2500      
11.3373      12.7500      
11.3383      11.5000      
11.3393      13.5000      
11.3403      11.7500      
11.3413      9.2500       
11.3423      10.7500      
11.3433      10.7500      
11.3443      9.7500       
11.3453      13.2500      
11.3463      8.0000       
11.3473      12.0000      
11.3483      10.0000      
11.3493      11.7500      
11.3503      16.5000      
11.3513      11.5000      
11.3523      11.0000      
11.3533      13.0000      
11.3543      9.5000       
11.3553      11.2500      
11.3563      13.7500      
11.3573      8.5000       
11.3583      9.2500       
11.3593      13.2500      
11.3603      11.0000      
11.3613      10.5000      
11.3623      13.2500      
11.3633      5.0000       
11.3643      9.7500       
11.3653      7.7500       
11.3663      10.2500      
11.3673      7.5000       
11.3683      11.2500      
11.3693      7.7500       
11.3703      7.7500       
11.3713      12.5000      
11.3723      8.0000       
11.3733      8.0000       
11.3743      10.0000      
11.3753      9.0000       
11.3763      8.5000       
11.3773      9.7500       
11.3783      5.5000       
11.3793      9.5000       
11.3803      7.0000       
11.3813      7.7500       
11.3823      8.5000       
11.3833      6.7500       
11.3843      10.0000      
11.3853      6.2500       
11.3863      8.0000       
11.3873      6.7500       
11.3883      6.5000       
11.3893      8.7500       
11.3903      7.0000       
11.3913      5.7500       
11.3923      5.7500       
11.3933      8.0000       
11.3943      6.2500       
11.3953      9.5000       
11.3963      5.7500       
11.3973      6.2500       
11.3983      6.2500       
11.3993      6.0000       
11.4003      5.5000       
11.4013      6.7500       
11.4023      5.2500       
11.4033      3.7500       
11.4043      5.2500       
11.4053      5.7500       
11.4063      4.7500       
11.4073      4.0000       
11.4083      3.0000       
11.4093      4.7500       
11.4103      5.2500       
11.4113      6.0000       
11.4123      4.5000       
11.4133      6.2500       
11.4143      4.2500       
11.4153      5.5000       
11.4163      5.2500       
11.4173      2.7500       
11.4183      4.5000       
11.4193      4.0000       
11.4203      5.2500       
11.4213      3.0000       
11.4223      3.5000       
11.4233      3.2500       
11.4243      4.7500       
11.4253      2.0000       
11.4263      3.5000       
11.4273      3.5000       
11.4283      2.5000       
11.4293      5.0000       
11.4303      4.2500       
11.4313      3.5000       
11.4323      3.7500       
11.4333      1.2500       
11.4343      2.0000       
11.4353      2.0000       
11.4363      3.0000       
11.4373      3.0000       
11.4383      2.5000       
11.4393      3.0000       
11.4403      3.5000       
11.4413      4.0000       
11.4423      4.0000       
11.4433      2.5000       
11.4443      2.7500       
11.4453      1.0000       
11.4463      3.2500       
11.4473      2.0000       
11.4483      2.5000       
11.4493      1.7500       
11.4503      3.5000       
11.4513      3.0000       
11.4523      2.2500       
11.4533      1.7500       
11.4543      2.0000       
11.4553      2.0000       
11.4563      1.0000       
11.4573      2.0000       
11.4583      2.5000       
11.4593      2.5000       
11.4603      2.2500       
11.4613      1.5000       
11.4623      1.2500       
11.4633      1.7500       
11.4643      1.5000       
11.4653      1.5000       
11.4663      2.0000       
11.4673      2.0000       
11.4683      1.0000       
11.4693      1.7500       
11.4703      1.2500       
11.4713      1.0000       
11.4723      1.5000       
11.4733      2.2500       
11.4743      1.5000       
11.4753      0.5000       
11.4763      1.5000       
11.4773      0.7500       
11.4783      2.2500       
11.4793      1.5000       
11.4803      0.7500       
11.4813      1.0000       
11.4823      0.7500       
11.4833      1.5000       
11.4843      1.0000       
11.4853      0.0000       
11.4863      0.5000       
11.4873      1.0000       
11.4883      0.7500       
11.4893      1.2500       
11.4903      1.0000       
11.4913      0.5000       
11.4923      0.7500       
11.4933      0.2500       
11.4943      1.5000       
11.4953      0.5000       
11.4963      0.2500       
11.4973      0.7500       
11.4983      0.7500       
11.4993      0.7500       
11.5003      0.2500       
11.5013      0.2500       
11.5023      0.5000       
11.5033      1.0000       
11.5043      0.0000       
11.5053      1.0000       
11.5063      0.0000       
11.5073      0.0000       
11.5083      0.2500       
11.5093      0.7500       
11.5103      1.0000       
11.5113      1.0000       
11.5123      0.5000       
11.5133      0.5000       
11.5143      0.2500       
11.5153      0.7500       
11.5163      0.5000       
11.5173      0.0000       
11.5183      0.7500       
11.5193      0.0000       
11.5203      0.5000       
11.5213      0.5000       
11.5223      0.0000       
11.5233      0.2500       
11.5243      0.2500       
11.5253      0.5000       
11.5263      0.2500       
11.5273      0.5000       
11.5283      0.0000       
11.5293      1.2500       
11.5303      0.5000       
11.5313      0.5000       
11.5323      0.0000       
11.5333      0.0000       
11.5343      0.2500       
11.5353      0.2500       
11.5363      0.0000       
11.5373      0.2500       
11.5383      0.5000       
11.5393      0.2500       
11.5403      0.2500       
11.5413      0.0000       
11.5423      0.0000       
11.5433      0.7500       
11.5443      0.0000       
11.5453      0.5000       
11.5463      0.2500       
11.5473      0.0000       
11.5483      0.0000       
11.5493      0.0000       
11.5503      0.0000       
11.5513      0.2500       
11.5523      0.0000       
11.5533      0.2500       
11.5543      0.2500       
11.5553      0.2500       
11.5563      0.0000       
11.5573      0.0000       
11.5583      0.0000       
11.5593      0.0000       
11.5603      0.2500       
11.5613      0.0000       
11.5623      0.2500       
11.5633      0.2500       
11.5643      0.0000       
11.5653      0.2500       
11.5663      0.0000       
11.5673      0.0000       
11.5683      0.2500       
11.5693      0.5000       
11.5703      0.0000       
11.5713      0.0000       
11.5723      0.0000       
11.5733      0.2500       
11.5743      0.2500       
11.5753      0.2500       
11.5763      0.2500       
11.5773      0.0000       
11.5783      0.0000       
11.5793      0.0000       
11.5803      0.5000       
11.5813      0.0000       
11.5823      0.0000       
11.5833      0.0000       
11.5843      0.0000       
11.5853      0.0000       
11.5863      0.0000       
11.5873      0.0000       
11.5883      0.0000       
11.5893      0.0000       
11.5903      0.2500       
11.5913      0.0000       
11.5923      0.0000       
11.5933      0.0000       
11.5943      0.0000       
11.5953      0.0000       
11.5963      0.2500       
11.5973      0.0000       
11.5983      0.0000       
11.5993      0.0000       
11.6003      0.0000       
11.6013      0.0000       
11.6023      0.0000       
11.6033      0.0000       
11.6043      0.0000       
11.6053      0.0000       
11.6063      0.0000       
11.6073      0.0000       
11.6083      0.0000       
11.6093      0.0000       
11.6103      0.0000       
11.6113      0.0000       
11.6123      0.0000       
11.6133      0.0000       
11.6143      0.0000       
11.6153      0.0000       
11.6163      0.0000       
11.6173      0.0000       
11.6183      0.0000       
11.6193      0.0000       
11.6203      0.2500       
11.6213      0.0000       
11.6223      0.0000       
11.6233      0.0000       
11.6243      0.0000       
11.6253      0.0000       
11.6263      0.0000       
11.6273      0.0000       
11.6283      0.0000       
11.6293      0.0000       
11.6303      0.0000       
11.6313      0.0000       
11.6323      0.0000       
11.6333      0.0000       
11.6343      0.0000       
11.6353      0.0000       
11.6363      0.0000       
11.6373      0.0000       
11.6383      0.0000       
11.6393      0.0000       
11.6403      0.0000       
11.6413      0.0000       
11.6423      0.0000       
11.6433      0.0000       
11.6443      0.0000       
11.6453      0.0000       
11.6463      0.0000       
11.6473      0.0000       
11.6483      0.0000       
11.6493      0.0000       
11.6503      0.0000       
11.6513      0.0000       
11.6523      0.0000       
11.6533      0.0000       
11.6543      0.0000       
11.6553      0.0000       
11.6563      0.0000       
11.6573      0.0000       
11.6583      0.0000       
11.6593      0.0000       
11.6603      0.0000       
11.6613      0.0000       
11.6623      0.0000       
11.6633      0.0000       
11.6643      0.0000       
11.6653      0.0000       
11.6663      0.0000       
11.6673      0.0000       
11.6683      0.0000       
11.6693      0.0000       
11.6703      0.0000       
11.6713      0.0000       
11.6723      0.0000       
11.6733      0.0000       
11.6743      0.0000       
11.6753      0.0000       
11.6763      0.0000       
11.6773      0.0000       
11.6783      0.0000       
11.6793      0.0000       
11.6803      0.0000       
11.6813      0.0000       
11.6823      0.0000       
11.6833      0.0000       
11.6843      0.0000       
11.6853      0.0000       
11.6863      0.0000       
11.6873      0.0000       
11.6883      0.0000       
11.6893      0.0000       
11.6903      0.0000       
11.6913      0.0000       
11.6923      0.0000       
11.6933      0.0000       
11.6943      0.0000       
11.6953      0.0000       
11.6963      0.0000       
11.6973      0.0000       
11.6983      0.0000       
11.6993      0.0000       
11.7003      0.0000       
11.7013      0.0000       
11.7023      0.0000       
11.7033      0.0000       
11.7043      0.0000       
11.7053      0.0000       
11.7063      0.0000       
11.7073      0.0000       
11.7083      0.0000       
11.7093      0.0000       
11.7103      0.0000       
11.7113      0.0000       
11.7123      0.0000       
11.7133      0.0000       
11.7143      0.0000       
11.7153      0.0000       
11.7163      0.0000       
11.7173      0.0000       
11.7183      0.0000       
11.7193      0.0000       
11.7203      0.0000       
11.7213      0.0000       
