0.0000000    1.0000000    1.0000000    
0.0080000    0.9954229    0.9936961    
0.0160000    0.9854699    0.9804124    
0.0240000    0.9735679    0.9693049    
0.0320000    0.9645789    0.9638134    
0.0400000    0.9600924    0.9623899    
0.0480000    0.9595085    0.9627423    
0.0560000    0.9618537    0.9638555    
0.0640000    0.9650278    0.9653375    
0.0720000    0.9672386    0.9663461    
0.0800000    0.9668681    0.9659954    
0.0880000    0.9646789    0.9642482    
0.0960000    0.9608576    0.9618700    
0.1040000    0.9575988    0.9597452    
0.1120000    0.9554116    0.9583330    
0.1200000    0.9556491    0.9576667    
0.1280000    0.9565706    0.9576385    
0.1360000    0.9579454    0.9579565    
0.1440000    0.9583536    0.9580233    
0.1520000    0.9578004    0.9573526    
0.1600000    0.9560119    0.9559400    
0.1680000    0.9531573    0.9542706    
0.1760000    0.9509911    0.9530131    
0.1840000    0.9502824    0.9524816    
0.1920000    0.9505374    0.9524762    
0.2000000    0.9516533    0.9525968    
0.2080000    0.9524816    0.9526241    
0.2160000    0.9527514    0.9525018    
0.2240000    0.9523306    0.9521256    
0.2320000    0.9512124    0.9515193    
0.2400000    0.9497617    0.9508831    
0.2480000    0.9487492    0.9504230    
0.2560000    0.9487746    0.9502384    
0.2640000    0.9490575    0.9503052    
0.2720000    0.9499541    0.9505567    
0.2800000    0.9505387    0.9508972    
0.2880000    0.9510493    0.9511410    
0.2960000    0.9506840    0.9510871    
0.3040000    0.9499960    0.9507242    
0.3120000    0.9492625    0.9503275    
0.3200000    0.9490703    0.9501996    
0.3280000    0.9490986    0.9503243    
0.3360000    0.9497998    0.9505535    
0.3440000    0.9503305    0.9508539    
0.3520000    0.9509492    0.9512002    
0.3600000    0.9511392    0.9514495    
0.3680000    0.9510372    0.9515265    
0.3760000    0.9509923    0.9515038    
0.3840000    0.9504649    0.9514583    
0.3920000    0.9505031    0.9514290    
0.4000000    0.9512273    0.9514748    
0.4080000    0.9515983    0.9516944    
0.4160000    0.9521786    0.9520799    
0.4240000    0.9526709    0.9524045    
0.4320000    0.9527302    0.9526003    
0.4400000    0.9529381    0.9528534    
0.4480000    0.9528190    0.9531340    
0.4560000    0.9528232    0.9532946    
0.4640000    0.9530652    0.9533415    
0.4720000    0.9532842    0.9534346    
0.4800000    0.9536342    0.9536900    
0.4880000    0.9540119    0.9540091    
0.4960000    0.9542345    0.9542982    
0.5040000    0.9544944    0.9545490    
0.5120000    0.9543840    0.9547377    
0.5200000    0.9544639    0.9548759    
0.5280000    0.9543305    0.9549502    
0.5360000    0.9547756    0.9550163    
0.5440000    0.9548395    0.9551417    
0.5520000    0.9550210    0.9552710    
0.5600000    0.9550828    0.9554132    
0.5680000    0.9553053    0.9555825    
0.5760000    0.9551719    0.9556333    
0.5840000    0.9552412    0.9554664    
0.5920000    0.9552010    0.9552056    
0.6000000    0.9549933    0.9550204    
0.6080000    0.9549976    0.9549293    
0.6160000    0.9549342    0.9549131    
0.6240000    0.9548802    0.9549497    
0.6320000    0.9547130    0.9549583    
0.6400000    0.9548117    0.9548726    
0.6480000    0.9547244    0.9547010    
0.6560000    0.9545123    0.9545326    
0.6640000    0.9546242    0.9544033    
0.6720000    0.9540852    0.9543324    
0.6800000    0.9542989    0.9542521    
0.6880000    0.9541789    0.9540708    
0.6960000    0.9539767    0.9538655    
0.7040000    0.9539453    0.9537218    
0.7120000    0.9537553    0.9536317    
0.7200000    0.9536093    0.9535604    
0.7280000    0.9534095    0.9534624    
0.7360000    0.9531502    0.9533041    
0.7440000    0.9530471    0.9530620    
0.7520000    0.9529505    0.9528164    
0.7600000    0.9527154    0.9527020    
0.7680000    0.9525634    0.9526873    
0.7760000    0.9523384    0.9526648    
0.7840000    0.9522939    0.9525790    
0.7920000    0.9521612    0.9524440    
0.8000000    0.9522340    0.9523064    
0.8080000    0.9519663    0.9521823    
0.8160000    0.9519669    0.9520697    
0.8240000    0.9519564    0.9520123    
0.8320000    0.9519084    0.9521022    
0.8400000    0.9517817    0.9522971    
0.8480000    0.9518487    0.9524035    
0.8560000    0.9517024    0.9524072    
0.8640000    0.9516919    0.9524411    
0.8720000    0.9517866    0.9525064    
0.8800000    0.9518388    0.9525251    
0.8880000    0.9519177    0.9525333    
0.8960000    0.9519591    0.9526067    
0.9040000    0.9519054    0.9526976    
0.9120000    0.9519079    0.9527253    
0.9200000    0.9520820    0.9527495    
0.9280000    0.9520762    0.9528617    
0.9360000    0.9520926    0.9530198    
0.9440000    0.9524732    0.9531344    
0.9520000    0.9524464    0.9531973    
0.9600000    0.9525026    0.9531975    
0.9680000    0.9525114    0.9530605    
0.9760000    0.9525044    0.9529553    
0.9840000    0.9527273    0.9531125    
0.9920000    0.9529625    0.9534152    
1.0000000    0.9531115    0.9536318    
1.0080000    0.9531767    0.9536998    
1.0160000    0.9532334    0.9536546    
1.0240000    0.9533501    0.9536050    
1.0320000    0.9535793    0.9536572    
1.0400000    0.9535308    0.9538035    
1.0480000    0.9536879    0.9539263    
1.0560000    0.9536288    0.9539251    
1.0640000    0.9538905    0.9538186    
1.0720000    0.9538615    0.9537342    
1.0800000    0.9540317    0.9537902    
1.0880000    0.9539999    0.9539108    
1.0960000    0.9539502    0.9540141    
1.1040000    0.9541873    0.9541369    
1.1120000    0.9542700    0.9542728    
1.1200000    0.9543468    0.9543345    
1.1280000    0.9539015    0.9542513    
1.1360000    0.9542124    0.9540691    
1.1440000    0.9539321    0.9539418    
1.1520000    0.9538840    0.9539392    
1.1600000    0.9538508    0.9539549    
1.1680000    0.9540598    0.9538987    
1.1760000    0.9537400    0.9538341    
1.1840000    0.9538844    0.9537401    
1.1920000    0.9539133    0.9535990    
1.2000000    0.9537892    0.9535450    
1.2080000    0.9538429    0.9535644    
1.2160000    0.9540287    0.9535918    
1.2240000    0.9539609    0.9536211    
1.2320000    0.9537651    0.9535978    
1.2400000    0.9540138    0.9535639    
1.2480000    0.9539139    0.9535332    
1.2560000    0.9536567    0.9534356    
1.2640000    0.9534511    0.9532701    
1.2720000    0.9529997    0.9531560    
1.2800000    0.9532953    0.9531970    
1.2880000    0.9532450    0.9532794    
1.2960000    0.9529253    0.9533135    
1.3040000    0.9532521    0.9533409    
1.3120000    0.9529631    0.9533777    
1.3200000    0.9531774    0.9533992    
1.3280000    0.9534482    0.9534289    
1.3360000    0.9531554    0.9534755    
1.3440000    0.9535444    0.9534697    
1.3520000    0.9532361    0.9533802    
1.3600000    0.9531555    0.9532737    
1.3680000    0.9529801    0.9531772    
1.3760000    0.9527473    0.9531055    
1.3840000    0.9529730    0.9530907    
1.3920000    0.9530007    0.9530959    
1.4000000    0.9529297    0.9531378    
