0.0000000    1.0000000    1.0000000    
0.0080000    0.9971664    0.9961205    
0.0160000    0.9899685    0.9878605    
0.0240000    0.9825362    0.9808654    
0.0320000    0.9771778    0.9773416    
0.0400000    0.9741095    0.9763126    
0.0480000    0.9740434    0.9763247    
0.0560000    0.9755295    0.9767723    
0.0640000    0.9776367    0.9775334    
0.0720000    0.9793563    0.9781768    
0.0800000    0.9793357    0.9780676    
0.0880000    0.9782057    0.9770584    
0.0960000    0.9752592    0.9756125    
0.1040000    0.9728376    0.9743240    
0.1120000    0.9712987    0.9734789    
0.1200000    0.9706261    0.9730200    
0.1280000    0.9716609    0.9728088    
0.1360000    0.9728311    0.9727364    
0.1440000    0.9728548    0.9726156    
0.1520000    0.9731205    0.9721784    
0.1600000    0.9707760    0.9713569    
0.1680000    0.9695701    0.9704110    
0.1760000    0.9684938    0.9696414    
0.1840000    0.9676239    0.9691903    
0.1920000    0.9676811    0.9690194    
0.2000000    0.9688221    0.9689945    
0.2080000    0.9685998    0.9690203    
0.2160000    0.9693576    0.9689652    
0.2240000    0.9686657    0.9686986    
0.2320000    0.9675684    0.9682995    
0.2400000    0.9670422    0.9679174    
0.2480000    0.9664114    0.9676283    
0.2560000    0.9662631    0.9674817    
0.2640000    0.9664189    0.9674605    
0.2720000    0.9669097    0.9675042    
0.2800000    0.9673749    0.9675623    
0.2880000    0.9679557    0.9676266    
0.2960000    0.9676146    0.9676845    
0.3040000    0.9668251    0.9676418    
0.3120000    0.9667528    0.9674687    
0.3200000    0.9664706    0.9673239    
0.3280000    0.9663612    0.9673501    
0.3360000    0.9669387    0.9674922    
0.3440000    0.9672014    0.9676075    
0.3520000    0.9674422    0.9676714    
0.3600000    0.9674524    0.9677863    
0.3680000    0.9682697    0.9679739    
0.3760000    0.9678623    0.9681191    
0.3840000    0.9676021    0.9681621    
0.3920000    0.9679005    0.9681297    
0.4000000    0.9677474    0.9681049    
0.4080000    0.9683430    0.9681692    
0.4160000    0.9685641    0.9683010    
0.4240000    0.9687401    0.9684614    
0.4320000    0.9685193    0.9686183    
0.4400000    0.9691729    0.9687224    
0.4480000    0.9688049    0.9687986    
0.4560000    0.9691655    0.9689196    
0.4640000    0.9695206    0.9690907    
0.4720000    0.9696041    0.9692866    
0.4800000    0.9695847    0.9695121    
0.4880000    0.9702269    0.9697527    
0.4960000    0.9700852    0.9699344    
0.5040000    0.9703828    0.9700568    
0.5120000    0.9706031    0.9702174    
0.5200000    0.9703808    0.9703951    
0.5280000    0.9705127    0.9704904    
0.5360000    0.9700275    0.9705401    
0.5440000    0.9702402    0.9706019    
0.5520000    0.9711492    0.9706562    
0.5600000    0.9702988    0.9706750    
0.5680000    0.9707312    0.9706594    
0.5760000    0.9707033    0.9706781    
0.5840000    0.9706170    0.9707630    
0.5920000    0.9707284    0.9708288    
0.6000000    0.9706419    0.9708534    
0.6080000    0.9706840    0.9708979    
0.6160000    0.9706382    0.9709225    
0.6240000    0.9707534    0.9708517    
0.6320000    0.9706217    0.9707125    
0.6400000    0.9707786    0.9705577    
0.6480000    0.9707302    0.9703923    
0.6560000    0.9705465    0.9702967    
0.6640000    0.9706592    0.9703306    
0.6720000    0.9702801    0.9703498    
0.6800000    0.9701524    0.9702387    
0.6880000    0.9701317    0.9700474    
0.6960000    0.9698636    0.9698505    
0.7040000    0.9696423    0.9697016    
0.7120000    0.9698239    0.9695764    
0.7200000    0.9698173    0.9693951    
0.7280000    0.9698892    0.9691942    
0.7360000    0.9695973    0.9690678    
0.7440000    0.9693356    0.9690563    
0.7520000    0.9691202    0.9691335    
0.7600000    0.9692455    0.9691536    
0.7680000    0.9686497    0.9690182    
0.7760000    0.9689311    0.9688283    
0.7840000    0.9690967    0.9687169    
0.7920000    0.9686589    0.9687268    
0.8000000    0.9691531    0.9687548    
0.8080000    0.9684756    0.9686934    
0.8160000    0.9689269    0.9686043    
0.8240000    0.9687406    0.9685784    
0.8320000    0.9683011    0.9685802    
0.8400000    0.9682525    0.9685196    
0.8480000    0.9684585    0.9683848    
0.8560000    0.9681959    0.9682861    
0.8640000    0.9683162    0.9682988    
0.8720000    0.9682818    0.9683738    
0.8800000    0.9682288    0.9684917    
0.8880000    0.9681839    0.9686436    
0.8960000    0.9681829    0.9687492    
0.9040000    0.9684658    0.9687738    
0.9120000    0.9684616    0.9687808    
0.9200000    0.9684381    0.9688384    
0.9280000    0.9683214    0.9688887    
0.9360000    0.9686088    0.9688508    
0.9440000    0.9682468    0.9688369    
0.9520000    0.9682987    0.9689290    
0.9600000    0.9686541    0.9690313    
0.9680000    0.9689043    0.9691357    
0.9760000    0.9683802    0.9692743    
0.9840000    0.9686910    0.9693919    
0.9920000    0.9685239    0.9694828    
1.0000000    0.9693451    0.9695310    
1.0080000    0.9696618    0.9694836    
1.0160000    0.9693208    0.9693949    
1.0240000    0.9695770    0.9693800    
1.0320000    0.9693846    0.9694361    
1.0400000    0.9695054    0.9694524    
1.0480000    0.9695735    0.9694439    
1.0560000    0.9699414    0.9695188    
1.0640000    0.9698008    0.9696828    
1.0720000    0.9692015    0.9698665    
1.0800000    0.9699738    0.9700234    
1.0880000    0.9694900    0.9701635    
1.0960000    0.9699556    0.9703095    
1.1040000    0.9698345    0.9703841    
1.1120000    0.9697040    0.9703113    
1.1200000    0.9697859    0.9701737    
1.1280000    0.9704948    0.9700701    
1.1360000    0.9699455    0.9700562    
1.1440000    0.9706444    0.9701521    
1.1520000    0.9705322    0.9702210    
1.1600000    0.9703573    0.9701728    
1.1680000    0.9704920    0.9700968    
1.1760000    0.9703782    0.9700809    
1.1840000    0.9695819    0.9701160    
1.1920000    0.9694956    0.9700951    
1.2000000    0.9694935    0.9699943    
1.2080000    0.9692135    0.9699046    
1.2160000    0.9695000    0.9698276    
1.2240000    0.9700284    0.9697186    
1.2320000    0.9698308    0.9696115    
1.2400000    0.9700562    0.9695608    
1.2480000    0.9698566    0.9696009    
1.2560000    0.9699917    0.9696779    
1.2640000    0.9701998    0.9696792    
1.2720000    0.9698915    0.9696043    
1.2800000    0.9696532    0.9695402    
1.2880000    0.9694377    0.9695218    
1.2960000    0.9691297    0.9695104    
1.3040000    0.9693061    0.9694690    
1.3120000    0.9685449    0.9694381    
1.3200000    0.9687598    0.9694616    
1.3280000    0.9694481    0.9694975    
1.3360000    0.9695618    0.9694534    
1.3440000    0.9686608    0.9693050    
1.3520000    0.9693361    0.9691586    
1.3600000    0.9694296    0.9691112    
1.3680000    0.9698305    0.9691313    
1.3760000    0.9700363    0.9691805    
1.3840000    0.9696081    0.9692524    
1.3920000    0.9684349    0.9692771    
1.4000000    0.9691239    0.9692433    
