9.0180       0.0000       
9.0190       0.0000       
9.0200       0.0000       
9.0210       0.0000       
9.0220       0.0000       
9.0230       0.0000       
9.0240       0.0000       
9.0250       0.0000       
9.0260       0.0000       
9.0270       0.0000       
9.0280       0.0000       
9.0290       0.0000       
9.0300       0.0000       
9.0310       0.0000       
9.0320       0.0000       
9.0330       0.0000       
9.0340       0.0000       
9.0350       0.0000       
9.0360       0.0000       
9.0370       0.0000       
9.0380       0.0000       
9.0390       0.0000       
9.0400       0.0000       
9.0410       0.0000       
9.0420       0.0000       
9.0430       0.0000       
9.0440       0.0000       
9.0450       0.0000       
9.0460       0.0000       
9.0470       0.0000       
9.0480       0.0000       
9.0490       0.0000       
9.0500       0.0000       
9.0510       0.0000       
9.0520       0.0000       
9.0530       0.0000       
9.0540       0.0000       
9.0550       0.0000       
9.0560       0.0000       
9.0570       0.0000       
9.0580       0.0000       
9.0590       0.0000       
9.0600       0.0000       
9.0610       0.0000       
9.0620       0.0000       
9.0630       0.0000       
9.0640       0.0000       
9.0650       0.0000       
9.0660       0.0000       
9.0670       0.0000       
9.0680       0.0000       
9.0690       0.0000       
9.0700       0.0000       
9.0710       0.0000       
9.0720       0.0000       
9.0730       0.0000       
9.0740       0.0000       
9.0750       0.0000       
9.0760       0.0000       
9.0770       0.0000       
9.0780       0.0000       
9.0790       0.0000       
9.0800       0.0000       
9.0810       0.0000       
9.0820       0.0000       
9.0830       0.0000       
9.0840       0.0000       
9.0850       0.0000       
9.0860       0.0000       
9.0870       0.0000       
9.0880       0.0000       
9.0890       0.0000       
9.0900       0.0000       
9.0910       0.0000       
9.0920       0.0000       
9.0930       0.0000       
9.0940       0.0000       
9.0950       0.0000       
9.0960       0.0000       
9.0970       0.0000       
9.0980       0.0000       
9.0990       0.0000       
9.1000       0.0000       
9.1010       0.0000       
9.1020       0.0000       
9.1030       0.0000       
9.1040       0.0000       
9.1050       0.0000       
9.1060       0.0000       
9.1070       0.0000       
9.1080       0.0000       
9.1090       0.0000       
9.1100       0.0000       
9.1110       0.0000       
9.1120       0.0000       
9.1130       0.0000       
9.1140       0.0000       
9.1150       0.0000       
9.1160       0.0000       
9.1170       0.0000       
9.1180       0.2500       
9.1190       0.0000       
9.1200       0.0000       
9.1210       0.0000       
9.1220       0.0000       
9.1230       0.0000       
9.1240       0.0000       
9.1250       0.0000       
9.1260       0.0000       
9.1270       0.0000       
9.1280       0.0000       
9.1290       0.0000       
9.1300       0.0000       
9.1310       0.0000       
9.1320       0.0000       
9.1330       0.0000       
9.1340       0.0000       
9.1350       0.0000       
9.1360       0.0000       
9.1370       0.0000       
9.1380       0.0000       
9.1390       0.0000       
9.1400       0.0000       
9.1410       0.0000       
9.1420       0.0000       
9.1430       0.0000       
9.1440       0.0000       
9.1450       0.0000       
9.1460       0.0000       
9.1470       0.0000       
9.1480       0.0000       
9.1490       0.0000       
9.1500       0.0000       
9.1510       0.0000       
9.1520       0.0000       
9.1530       0.0000       
9.1540       0.0000       
9.1550       0.0000       
9.1560       0.0000       
9.1570       0.0000       
9.1580       0.0000       
9.1590       0.0000       
9.1600       0.0000       
9.1610       0.0000       
9.1620       0.0000       
9.1630       0.0000       
9.1640       0.0000       
9.1650       0.0000       
9.1660       0.0000       
9.1670       0.0000       
9.1680       0.0000       
9.1690       0.0000       
9.1700       0.0000       
9.1710       0.0000       
9.1720       0.0000       
9.1730       0.0000       
9.1740       0.2500       
9.1750       0.0000       
9.1760       0.0000       
9.1770       0.0000       
9.1780       0.0000       
9.1790       0.0000       
9.1800       0.0000       
9.1810       0.0000       
9.1820       0.0000       
9.1830       0.0000       
9.1840       0.0000       
9.1850       0.0000       
9.1860       0.0000       
9.1870       0.0000       
9.1880       0.0000       
9.1890       0.0000       
9.1900       0.0000       
9.1910       0.0000       
9.1920       0.0000       
9.1930       0.0000       
9.1940       0.0000       
9.1950       0.0000       
9.1960       0.0000       
9.1970       0.0000       
9.1980       0.0000       
9.1990       0.0000       
9.2000       0.0000       
9.2010       0.0000       
9.2020       0.0000       
9.2030       0.0000       
9.2040       0.0000       
9.2050       0.2500       
9.2060       0.0000       
9.2070       0.2500       
9.2080       0.0000       
9.2090       0.0000       
9.2100       0.0000       
9.2110       0.0000       
9.2120       0.0000       
9.2130       0.0000       
9.2140       0.0000       
9.2150       0.0000       
9.2160       0.5000       
9.2170       0.0000       
9.2180       0.0000       
9.2190       0.0000       
9.2200       0.5000       
9.2210       0.0000       
9.2220       0.0000       
9.2230       0.2500       
9.2240       0.2500       
9.2250       0.7500       
9.2260       0.0000       
9.2270       0.5000       
9.2280       0.2500       
9.2290       0.0000       
9.2300       0.0000       
9.2310       0.5000       
9.2320       0.2500       
9.2330       0.2500       
9.2340       0.0000       
9.2350       0.0000       
9.2360       1.2500       
9.2370       1.0000       
9.2380       0.0000       
9.2390       0.5000       
9.2400       0.2500       
9.2410       0.0000       
9.2420       0.2500       
9.2430       0.5000       
9.2440       0.0000       
9.2450       0.5000       
9.2460       0.2500       
9.2470       0.7500       
9.2480       0.2500       
9.2490       0.7500       
9.2500       0.2500       
9.2510       0.2500       
9.2520       0.0000       
9.2530       0.7500       
9.2540       0.0000       
9.2550       1.7500       
9.2560       0.7500       
9.2570       0.7500       
9.2580       0.5000       
9.2590       1.0000       
9.2600       1.0000       
9.2610       0.2500       
9.2620       0.7500       
9.2630       1.2500       
9.2640       0.5000       
9.2650       1.0000       
9.2660       0.7500       
9.2670       1.5000       
9.2680       1.5000       
9.2690       1.7500       
9.2700       0.7500       
9.2710       0.2500       
9.2720       1.0000       
9.2730       0.0000       
9.2740       2.2500       
9.2750       1.2500       
9.2760       1.5000       
9.2770       0.5000       
9.2780       1.0000       
9.2790       1.0000       
9.2800       2.2500       
9.2810       1.7500       
9.2820       1.0000       
9.2830       1.0000       
9.2840       3.7500       
9.2850       0.7500       
9.2860       2.7500       
9.2870       2.5000       
9.2880       1.7500       
9.2890       2.5000       
9.2900       1.7500       
9.2910       2.5000       
9.2920       2.7500       
9.2930       3.0000       
9.2940       3.0000       
9.2950       3.2500       
9.2960       2.7500       
9.2970       2.5000       
9.2980       3.0000       
9.2990       2.2500       
9.3000       3.7500       
9.3010       3.2500       
9.3020       3.0000       
9.3030       2.2500       
9.3040       3.2500       
9.3050       2.0000       
9.3060       4.2500       
9.3070       3.0000       
9.3080       3.7500       
9.3090       3.7500       
9.3100       3.2500       
9.3110       5.2500       
9.3120       4.5000       
9.3130       5.7500       
9.3140       5.0000       
9.3150       5.2500       
9.3160       6.5000       
9.3170       4.5000       
9.3180       5.7500       
9.3190       5.2500       
9.3200       8.0000       
9.3210       7.5000       
9.3220       5.2500       
9.3230       6.2500       
9.3240       4.7500       
9.3250       7.0000       
9.3260       7.2500       
9.3270       8.0000       
9.3280       9.0000       
9.3290       5.5000       
9.3300       8.5000       
9.3310       7.5000       
9.3320       8.7500       
9.3330       7.2500       
9.3340       8.0000       
9.3350       11.7500      
9.3360       7.0000       
9.3370       11.0000      
9.3380       11.0000      
9.3390       11.0000      
9.3400       9.2500       
9.3410       11.7500      
9.3420       9.7500       
9.3430       12.0000      
9.3440       13.5000      
9.3450       12.5000      
9.3460       10.2500      
9.3470       14.0000      
9.3480       12.7500      
9.3490       13.5000      
9.3500       15.5000      
9.3510       16.5000      
9.3520       15.2500      
9.3530       17.7500      
9.3540       16.5000      
9.3550       15.0000      
9.3560       20.5000      
9.3570       19.2500      
9.3580       18.0000      
9.3590       22.2500      
9.3600       23.5000      
9.3610       16.7500      
9.3620       21.2500      
9.3630       20.5000      
9.3640       20.5000      
9.3650       20.7500      
9.3660       21.7500      
9.3670       22.5000      
9.3680       22.0000      
9.3690       25.0000      
9.3700       22.5000      
9.3710       23.5000      
9.3720       23.0000      
9.3730       29.5000      
9.3740       27.7500      
9.3750       32.5000      
9.3760       29.5000      
9.3770       29.7500      
9.3780       29.2500      
9.3790       32.5000      
9.3800       33.2500      
9.3810       28.5000      
9.3820       31.5000      
9.3830       33.2500      
9.3840       31.2500      
9.3850       36.0000      
9.3860       38.2500      
9.3870       39.7500      
9.3880       44.2500      
9.3890       38.0000      
9.3900       38.7500      
9.3910       39.5000      
9.3920       38.7500      
9.3930       41.2500      
9.3940       43.0000      
9.3950       39.0000      
9.3960       48.2500      
9.3970       48.5000      
9.3980       44.0000      
9.3990       45.2500      
9.4000       57.0000      
9.4010       49.0000      
9.4020       52.5000      
9.4030       61.7500      
9.4040       54.7500      
9.4050       61.0000      
9.4060       59.7500      
9.4070       50.2500      
9.4080       60.2500      
9.4090       53.0000      
9.4100       57.7500      
9.4110       57.7500      
9.4120       58.5000      
9.4130       71.5000      
9.4140       61.5000      
9.4150       71.0000      
9.4160       60.5000      
9.4170       69.0000      
9.4180       71.7500      
9.4190       71.2500      
9.4200       68.7500      
9.4210       76.2500      
9.4220       81.2500      
9.4230       85.2500      
9.4240       82.2500      
9.4250       83.5000      
9.4260       83.0000      
9.4270       89.5000      
9.4280       93.0000      
9.4290       94.2500      
9.4300       90.0000      
9.4310       89.0000      
9.4320       99.2500      
9.4330       95.5000      
9.4340       105.0000     
9.4350       93.5000      
9.4360       102.5000     
9.4370       103.7500     
9.4380       101.7500     
9.4390       120.2500     
9.4400       105.2500     
9.4410       112.7500     
9.4420       115.2500     
9.4430       114.5000     
9.4440       126.5000     
9.4450       114.2500     
9.4460       112.0000     
9.4470       115.2500     
9.4480       118.0000     
9.4490       123.5000     
9.4500       127.2500     
9.4510       130.7500     
9.4520       133.5000     
9.4530       139.7500     
9.4540       126.7500     
9.4550       134.2500     
9.4560       134.5000     
9.4570       143.5000     
9.4580       130.0000     
9.4590       145.7500     
9.4600       141.5000     
9.4610       159.7500     
9.4620       159.0000     
9.4630       153.0000     
9.4640       151.5000     
9.4650       150.5000     
9.4660       162.2500     
9.4670       165.5000     
9.4680       152.2500     
9.4690       157.5000     
9.4700       162.7500     
9.4710       177.5000     
9.4720       173.0000     
9.4730       178.0000     
9.4740       163.2500     
9.4750       186.7500     
9.4760       183.2500     
9.4770       173.5000     
9.4780       186.0000     
9.4790       192.5000     
9.4800       192.2500     
9.4810       200.0000     
9.4820       203.5000     
9.4830       210.5000     
9.4840       210.0000     
9.4850       209.7500     
9.4860       206.0000     
9.4870       216.5000     
9.4880       215.2500     
9.4890       212.7500     
9.4900       219.5000     
9.4910       230.5000     
9.4920       217.2500     
9.4930       228.5000     
9.4940       221.0000     
9.4950       222.5000     
9.4960       235.7500     
9.4970       219.0000     
9.4980       238.5000     
9.4990       247.5000     
9.5000       233.0000     
9.5010       248.7500     
9.5020       247.0000     
9.5030       256.7500     
9.5040       254.0000     
9.5050       243.5000     
9.5060       268.0000     
9.5070       248.0000     
9.5080       276.7500     
9.5090       247.0000     
9.5100       244.7500     
9.5110       262.2500     
9.5120       277.7500     
9.5130       279.2500     
9.5140       270.7500     
9.5150       269.7500     
9.5160       276.2500     
9.5170       283.2500     
9.5180       282.0000     
9.5190       286.5000     
9.5200       297.5000     
9.5210       290.2500     
9.5220       282.2500     
9.5230       293.7500     
9.5240       291.0000     
9.5250       302.0000     
9.5260       308.2500     
9.5270       303.0000     
9.5280       306.2500     
9.5290       319.2500     
9.5300       316.7500     
9.5310       316.2500     
9.5320       334.7500     
9.5330       315.5000     
9.5340       313.5000     
9.5350       314.5000     
9.5360       337.7500     
9.5370       323.5000     
9.5380       321.7500     
9.5390       324.0000     
9.5400       336.5000     
9.5410       318.0000     
9.5420       339.5000     
9.5430       336.5000     
9.5440       337.0000     
9.5450       335.5000     
9.5460       339.5000     
9.5470       355.2500     
9.5480       360.7500     
9.5490       349.7500     
9.5500       339.7500     
9.5510       356.5000     
9.5520       352.0000     
9.5530       345.2500     
9.5540       364.0000     
9.5550       345.5000     
9.5560       371.7500     
9.5570       375.5000     
9.5580       366.7500     
9.5590       356.5000     
9.5600       369.5000     
9.5610       376.7500     
9.5620       375.0000     
9.5630       373.0000     
9.5640       380.2500     
9.5650       393.0000     
9.5660       365.5000     
9.5670       384.5000     
9.5680       382.5000     
9.5690       384.2500     
9.5700       387.7500     
9.5710       393.0000     
9.5720       400.5000     
9.5730       369.0000     
9.5740       395.5000     
9.5750       409.2500     
9.5760       392.0000     
9.5770       402.5000     
9.5780       412.7500     
9.5790       395.2500     
9.5800       399.7500     
9.5810       387.2500     
9.5820       398.0000     
9.5830       398.5000     
9.5840       394.5000     
9.5850       411.7500     
9.5860       412.2500     
9.5870       420.7500     
9.5880       425.5000     
9.5890       409.5000     
9.5900       422.0000     
9.5910       426.7500     
9.5920       416.5000     
9.5930       427.5000     
9.5940       433.0000     
9.5950       426.5000     
9.5960       438.7500     
9.5970       415.7500     
9.5980       423.5000     
9.5990       434.2500     
9.6000       436.7500     
9.6010       399.0000     
9.6020       421.0000     
9.6030       404.2500     
9.6040       431.7500     
9.6050       418.7500     
9.6060       439.5000     
9.6070       426.0000     
9.6080       433.0000     
9.6090       427.0000     
9.6100       437.5000     
9.6110       435.2500     
9.6120       447.7500     
9.6130       443.5000     
9.6140       428.5000     
9.6150       440.5000     
9.6160       461.0000     
9.6170       445.2500     
9.6180       438.5000     
9.6190       440.7500     
9.6200       457.2500     
9.6210       440.2500     
9.6220       454.2500     
9.6230       451.5000     
9.6240       448.5000     
9.6250       449.5000     
9.6260       432.0000     
9.6270       460.2500     
9.6280       461.5000     
9.6290       443.2500     
9.6300       472.2500     
9.6310       445.7500     
9.6320       459.7500     
9.6330       446.0000     
9.6340       457.0000     
9.6350       460.5000     
9.6360       454.0000     
9.6370       467.0000     
9.6380       455.5000     
9.6390       442.0000     
9.6400       476.7500     
9.6410       449.7500     
9.6420       461.2500     
9.6430       478.7500     
9.6440       443.5000     
9.6450       444.5000     
9.6460       456.0000     
9.6470       465.5000     
9.6480       462.5000     
9.6490       456.5000     
9.6500       448.0000     
9.6510       464.5000     
9.6520       452.7500     
9.6530       469.7500     
9.6540       458.0000     
9.6550       461.5000     
9.6560       505.0000     
9.6570       450.7500     
9.6580       456.0000     
9.6590       468.0000     
9.6600       475.0000     
9.6610       468.5000     
9.6620       469.5000     
9.6630       470.2500     
9.6640       467.0000     
9.6650       466.2500     
9.6660       503.7500     
9.6670       475.5000     
9.6680       443.2500     
9.6690       452.7500     
9.6700       474.0000     
9.6710       462.2500     
9.6720       457.2500     
9.6730       452.7500     
9.6740       467.5000     
9.6750       473.0000     
9.6760       468.0000     
9.6770       470.0000     
9.6780       453.2500     
9.6790       474.5000     
9.6800       447.5000     
9.6810       446.0000     
9.6820       450.0000     
9.6830       461.5000     
9.6840       444.0000     
9.6850       473.2500     
9.6860       469.0000     
9.6870       455.7500     
9.6880       452.2500     
9.6890       462.5000     
9.6900       450.5000     
9.6910       476.2500     
9.6920       436.7500     
9.6930       462.5000     
9.6940       466.7500     
9.6950       442.2500     
9.6960       452.0000     
9.6970       439.0000     
9.6980       462.2500     
9.6990       462.0000     
9.7000       496.5000     
9.7010       433.0000     
9.7020       465.5000     
9.7030       458.0000     
9.7040       456.0000     
9.7050       450.5000     
9.7060       453.5000     
9.7070       458.5000     
9.7080       445.5000     
9.7090       452.7500     
9.7100       453.5000     
9.7110       458.5000     
9.7120       431.0000     
9.7130       440.7500     
9.7140       442.0000     
9.7150       438.0000     
9.7160       455.2500     
9.7170       452.0000     
9.7180       425.2500     
9.7190       431.2500     
9.7200       422.7500     
9.7210       451.2500     
9.7220       445.5000     
9.7230       445.0000     
9.7240       443.5000     
9.7250       426.7500     
9.7260       438.7500     
9.7270       458.5000     
9.7280       428.2500     
9.7290       416.7500     
9.7300       433.7500     
9.7310       431.0000     
9.7320       447.0000     
9.7330       424.7500     
9.7340       447.2500     
9.7350       432.5000     
9.7360       434.0000     
9.7370       417.0000     
9.7380       425.5000     
9.7390       438.7500     
9.7400       426.0000     
9.7410       418.2500     
9.7420       435.0000     
9.7430       414.7500     
9.7440       425.7500     
9.7450       430.0000     
9.7460       413.5000     
9.7470       429.0000     
9.7480       410.2500     
9.7490       420.2500     
9.7500       412.2500     
9.7510       425.7500     
9.7520       414.5000     
9.7530       402.2500     
9.7540       422.2500     
9.7550       436.2500     
9.7560       401.5000     
9.7570       415.2500     
9.7580       422.7500     
9.7590       417.2500     
9.7600       399.2500     
9.7610       410.5000     
9.7620       393.2500     
9.7630       397.2500     
9.7640       395.2500     
9.7650       410.5000     
9.7660       393.2500     
9.7670       391.2500     
9.7680       378.5000     
9.7690       395.2500     
9.7700       394.2500     
9.7710       390.5000     
9.7720       382.2500     
9.7730       386.0000     
9.7740       403.0000     
9.7750       384.5000     
9.7760       402.2500     
9.7770       394.2500     
9.7780       383.2500     
9.7790       381.5000     
9.7800       376.5000     
9.7810       380.0000     
9.7820       363.7500     
9.7830       380.0000     
9.7840       387.7500     
9.7850       383.5000     
9.7860       374.2500     
9.7870       382.0000     
9.7880       379.2500     
9.7890       395.5000     
9.7900       366.0000     
9.7910       376.5000     
9.7920       376.5000     
9.7930       384.2500     
9.7940       366.5000     
9.7950       373.0000     
9.7960       353.5000     
9.7970       361.2500     
9.7980       358.0000     
9.7990       355.0000     
9.8000       361.2500     
9.8010       337.5000     
9.8020       357.7500     
9.8030       352.0000     
9.8040       376.2500     
9.8050       357.2500     
9.8060       341.5000     
9.8070       361.2500     
9.8080       354.2500     
9.8090       361.5000     
9.8100       358.7500     
9.8110       357.5000     
9.8120       360.5000     
9.8130       337.5000     
9.8140       337.5000     
9.8150       355.0000     
9.8160       338.0000     
9.8170       345.0000     
9.8180       328.0000     
9.8190       346.2500     
9.8200       350.2500     
9.8210       344.7500     
9.8220       348.5000     
9.8230       339.7500     
9.8240       332.2500     
9.8250       322.2500     
9.8260       325.7500     
9.8270       322.7500     
9.8280       327.7500     
9.8290       347.5000     
9.8300       330.7500     
9.8310       337.2500     
9.8320       320.2500     
9.8330       325.0000     
9.8340       336.2500     
9.8350       309.7500     
9.8360       327.5000     
9.8370       317.7500     
9.8380       315.5000     
9.8390       315.2500     
9.8400       312.5000     
9.8410       323.5000     
9.8420       311.0000     
9.8430       318.5000     
9.8440       310.0000     
9.8450       324.0000     
9.8460       309.2500     
9.8470       306.0000     
9.8480       302.5000     
9.8490       305.5000     
9.8500       314.7500     
9.8510       312.7500     
9.8520       304.5000     
9.8530       317.0000     
9.8540       291.2500     
9.8550       295.0000     
9.8560       300.5000     
9.8570       289.7500     
9.8580       303.5000     
9.8590       285.5000     
9.8600       292.2500     
9.8610       297.0000     
9.8620       289.0000     
9.8630       296.2500     
9.8640       277.7500     
9.8650       294.0000     
9.8660       278.5000     
9.8670       279.7500     
9.8680       286.0000     
9.8690       280.7500     
9.8700       285.0000     
9.8710       280.2500     
9.8720       275.5000     
9.8730       283.5000     
9.8740       285.7500     
9.8750       281.5000     
9.8760       266.0000     
9.8770       270.2500     
9.8780       282.0000     
9.8790       281.0000     
9.8800       271.5000     
9.8810       258.0000     
9.8820       267.2500     
9.8830       264.7500     
9.8840       263.7500     
9.8850       278.0000     
9.8860       280.5000     
9.8870       263.7500     
9.8880       257.0000     
9.8890       261.0000     
9.8900       253.7500     
9.8910       273.5000     
9.8920       260.7500     
9.8930       267.0000     
9.8940       262.2500     
9.8950       263.2500     
9.8960       246.2500     
9.8970       259.7500     
9.8980       259.7500     
9.8990       257.5000     
9.9000       248.0000     
9.9010       245.5000     
9.9020       257.0000     
9.9030       244.5000     
9.9040       250.0000     
9.9050       252.7500     
9.9060       245.0000     
9.9070       252.7500     
9.9080       245.5000     
9.9090       254.2500     
9.9100       253.2500     
9.9110       244.2500     
9.9120       239.5000     
9.9130       254.0000     
9.9140       243.7500     
9.9150       240.5000     
9.9160       242.0000     
9.9170       241.0000     
9.9180       240.7500     
9.9190       246.0000     
9.9200       236.2500     
9.9210       241.0000     
9.9220       233.2500     
9.9230       237.0000     
9.9240       239.2500     
9.9250       223.0000     
9.9260       242.2500     
9.9270       228.2500     
9.9280       238.0000     
9.9290       235.7500     
9.9300       230.2500     
9.9310       242.0000     
9.9320       225.0000     
9.9330       230.2500     
9.9340       229.5000     
9.9350       213.5000     
9.9360       229.7500     
9.9370       232.2500     
9.9380       227.5000     
9.9390       217.7500     
9.9400       241.7500     
9.9410       213.5000     
9.9420       214.7500     
9.9430       236.5000     
9.9440       227.5000     
9.9450       224.2500     
9.9460       221.5000     
9.9470       213.0000     
9.9480       214.5000     
9.9490       218.2500     
9.9500       217.0000     
9.9510       211.2500     
9.9520       227.5000     
9.9530       226.0000     
9.9540       225.0000     
9.9550       216.5000     
9.9560       210.5000     
9.9570       217.0000     
9.9580       216.2500     
9.9590       213.2500     
9.9600       206.5000     
9.9610       208.0000     
9.9620       205.0000     
9.9630       218.5000     
9.9640       213.7500     
9.9650       204.5000     
9.9660       205.7500     
9.9670       198.7500     
9.9680       213.2500     
9.9690       202.0000     
9.9700       203.2500     
9.9710       198.2500     
9.9720       207.2500     
9.9730       197.2500     
9.9740       199.7500     
9.9750       207.2500     
9.9760       214.7500     
9.9770       197.5000     
9.9780       200.5000     
9.9790       213.2500     
9.9800       209.7500     
9.9810       202.0000     
9.9820       206.2500     
9.9830       199.2500     
9.9840       202.2500     
9.9850       197.7500     
9.9860       193.0000     
9.9870       214.5000     
9.9880       199.2500     
9.9890       193.0000     
9.9900       188.7500     
9.9910       200.2500     
9.9920       207.5000     
9.9930       195.2500     
9.9940       198.7500     
9.9950       204.7500     
9.9960       180.5000     
9.9970       192.5000     
9.9980       208.2500     
9.9990       193.7500     
10.0000      210.7500     
10.0010      201.0000     
10.0020      191.7500     
10.0030      195.2500     
10.0040      189.0000     
10.0050      187.7500     
10.0060      187.5000     
10.0070      204.0000     
10.0080      188.5000     
10.0090      185.5000     
10.0100      194.2500     
10.0110      195.5000     
10.0120      195.5000     
10.0130      187.5000     
10.0140      186.5000     
10.0150      185.5000     
10.0160      199.2500     
10.0170      175.0000     
10.0180      177.0000     
10.0190      189.0000     
10.0200      185.5000     
10.0210      174.0000     
10.0220      170.7500     
10.0230      193.0000     
10.0240      194.7500     
10.0250      185.7500     
10.0260      188.7500     
10.0270      179.2500     
10.0280      199.2500     
10.0290      189.2500     
10.0300      184.5000     
10.0310      186.7500     
10.0320      185.5000     
10.0330      191.0000     
10.0340      194.2500     
10.0350      181.5000     
10.0360      185.0000     
10.0370      184.5000     
10.0380      182.7500     
10.0390      184.5000     
10.0400      185.0000     
10.0410      180.5000     
10.0420      178.7500     
10.0430      192.7500     
10.0440      183.5000     
10.0450      180.0000     
10.0460      188.5000     
10.0470      185.7500     
10.0480      172.7500     
10.0490      179.7500     
10.0500      180.0000     
10.0510      179.2500     
10.0520      171.7500     
10.0530      186.7500     
10.0540      184.7500     
10.0550      176.5000     
10.0560      179.5000     
10.0570      186.0000     
10.0580      169.5000     
10.0590      187.7500     
10.0600      181.2500     
10.0610      168.2500     
10.0620      168.0000     
10.0630      169.5000     
10.0640      177.2500     
10.0650      170.0000     
10.0660      174.2500     
10.0670      170.7500     
10.0680      180.2500     
10.0690      178.2500     
10.0700      183.7500     
10.0710      173.2500     
10.0720      170.7500     
10.0730      167.7500     
10.0740      182.0000     
10.0750      174.2500     
10.0760      180.0000     
10.0770      176.2500     
10.0780      180.5000     
10.0790      163.5000     
10.0800      178.0000     
10.0810      180.0000     
10.0820      164.7500     
10.0830      172.7500     
10.0840      167.2500     
10.0850      177.2500     
10.0860      172.0000     
10.0870      176.5000     
10.0880      171.5000     
10.0890      177.5000     
10.0900      177.0000     
10.0910      160.7500     
10.0920      172.5000     
10.0930      177.2500     
10.0940      162.2500     
10.0950      172.7500     
10.0960      182.0000     
10.0970      158.7500     
10.0980      168.7500     
10.0990      166.5000     
10.1000      176.5000     
10.1010      162.5000     
10.1020      166.0000     
10.1030      161.5000     
10.1040      169.0000     
10.1050      181.0000     
10.1060      177.7500     
10.1070      170.5000     
10.1080      168.2500     
10.1090      176.7500     
10.1100      160.5000     
10.1110      170.2500     
10.1120      170.2500     
10.1130      163.7500     
10.1140      161.2500     
10.1150      158.2500     
10.1160      175.0000     
10.1170      174.2500     
10.1180      177.0000     
10.1190      176.0000     
10.1200      171.0000     
10.1210      163.5000     
10.1220      165.0000     
10.1230      168.0000     
10.1240      168.2500     
10.1250      165.2500     
10.1260      164.0000     
10.1270      174.7500     
10.1280      162.7500     
10.1290      168.2500     
10.1300      165.5000     
10.1310      161.0000     
10.1320      160.7500     
10.1330      162.5000     
10.1340      165.5000     
10.1350      155.5000     
10.1360      159.5000     
10.1370      162.0000     
10.1380      168.0000     
10.1390      163.0000     
10.1400      165.7500     
10.1410      159.7500     
10.1420      163.2500     
10.1430      173.2500     
10.1440      156.7500     
10.1450      160.2500     
10.1460      166.5000     
10.1470      164.0000     
10.1480      149.0000     
10.1490      151.0000     
10.1500      154.0000     
10.1510      156.0000     
10.1520      161.0000     
10.1530      162.5000     
10.1540      160.7500     
10.1550      168.0000     
10.1560      153.5000     
10.1570      160.0000     
10.1580      165.7500     
10.1590      156.5000     
10.1600      149.7500     
10.1610      159.2500     
10.1620      150.0000     
10.1630      163.2500     
10.1640      156.5000     
10.1650      164.2500     
10.1660      156.7500     
10.1670      159.5000     
10.1680      154.0000     
10.1690      165.5000     
10.1700      158.5000     
10.1710      149.5000     
10.1720      159.7500     
10.1730      163.7500     
10.1740      151.5000     
10.1750      171.7500     
10.1760      157.2500     
10.1770      157.5000     
10.1780      163.0000     
10.1790      149.0000     
10.1800      165.5000     
10.1810      158.5000     
10.1820      165.5000     
10.1830      158.7500     
10.1840      157.0000     
10.1850      157.0000     
10.1860      158.2500     
10.1870      158.7500     
10.1880      144.0000     
10.1890      156.5000     
10.1900      151.2500     
10.1910      160.5000     
10.1920      139.0000     
10.1930      144.0000     
10.1940      157.7500     
10.1950      166.0000     
10.1960      150.0000     
10.1970      147.0000     
10.1980      160.7500     
10.1990      149.5000     
10.2000      155.5000     
10.2010      153.7500     
10.2020      155.5000     
10.2030      141.2500     
10.2040      155.7500     
10.2050      142.0000     
10.2060      140.2500     
10.2070      138.2500     
10.2080      140.5000     
10.2090      147.7500     
10.2100      150.0000     
10.2110      148.7500     
10.2120      147.5000     
10.2130      139.7500     
10.2140      148.5000     
10.2150      148.7500     
10.2160      159.0000     
10.2170      161.0000     
10.2180      148.5000     
10.2190      154.0000     
10.2200      152.5000     
10.2210      136.0000     
10.2220      143.0000     
10.2230      147.0000     
10.2240      148.0000     
10.2250      142.7500     
10.2260      139.2500     
10.2270      139.7500     
10.2280      144.0000     
10.2290      141.7500     
10.2300      139.2500     
10.2310      148.7500     
10.2320      134.5000     
10.2330      141.7500     
10.2340      146.7500     
10.2350      156.2500     
10.2360      149.5000     
10.2370      141.2500     
10.2380      146.7500     
10.2390      149.2500     
10.2400      148.7500     
10.2410      146.2500     
10.2420      146.7500     
10.2430      139.7500     
10.2440      150.5000     
10.2450      146.7500     
10.2460      137.2500     
10.2470      138.0000     
10.2480      141.5000     
10.2490      147.7500     
10.2500      140.2500     
10.2510      139.5000     
10.2520      142.2500     
10.2530      141.7500     
10.2540      153.0000     
10.2550      126.7500     
10.2560      143.5000     
10.2570      145.0000     
10.2580      143.7500     
10.2590      147.5000     
10.2600      147.7500     
10.2610      140.5000     
10.2620      146.7500     
10.2630      133.2500     
10.2640      138.7500     
10.2650      136.0000     
10.2660      135.5000     
10.2670      133.5000     
10.2680      146.5000     
10.2690      132.7500     
10.2700      139.5000     
10.2710      134.5000     
10.2720      144.7500     
10.2730      134.7500     
10.2740      136.2500     
10.2750      132.7500     
10.2760      126.0000     
10.2770      126.5000     
10.2780      128.5000     
10.2790      141.5000     
10.2800      136.0000     
10.2810      138.5000     
10.2820      131.0000     
10.2830      136.7500     
10.2840      135.0000     
10.2850      145.2500     
10.2860      136.7500     
10.2870      136.0000     
10.2880      137.0000     
10.2890      140.0000     
10.2900      140.0000     
10.2910      138.2500     
10.2920      135.0000     
10.2930      128.7500     
10.2940      132.0000     
10.2950      129.7500     
10.2960      128.0000     
10.2970      121.5000     
10.2980      130.0000     
10.2990      131.5000     
10.3000      138.5000     
10.3010      129.7500     
10.3020      141.7500     
10.3030      124.0000     
10.3040      132.7500     
10.3050      132.0000     
10.3060      128.0000     
10.3070      127.2500     
10.3080      125.0000     
10.3090      131.2500     
10.3100      127.2500     
10.3110      129.7500     
10.3120      127.5000     
10.3130      134.2500     
10.3140      117.7500     
10.3150      120.5000     
10.3160      120.7500     
10.3170      131.2500     
10.3180      132.0000     
10.3190      120.0000     
10.3200      126.5000     
10.3210      116.0000     
10.3220      132.2500     
10.3230      116.5000     
10.3240      125.7500     
10.3250      112.5000     
10.3260      124.7500     
10.3270      115.5000     
10.3280      125.7500     
10.3290      128.0000     
10.3300      123.5000     
10.3310      126.5000     
10.3320      123.0000     
10.3330      117.2500     
10.3340      115.5000     
10.3350      125.2500     
10.3360      125.5000     
10.3370      121.5000     
10.3380      118.2500     
10.3390      121.0000     
10.3400      115.0000     
10.3410      124.0000     
10.3420      113.0000     
10.3430      115.0000     
10.3440      109.7500     
10.3450      116.7500     
10.3460      110.2500     
10.3470      111.5000     
10.3480      120.7500     
10.3490      112.5000     
10.3500      113.7500     
10.3510      118.2500     
10.3520      114.2500     
10.3530      118.5000     
10.3540      122.2500     
10.3550      111.2500     
10.3560      112.2500     
10.3570      108.0000     
10.3580      120.2500     
10.3590      110.5000     
10.3600      107.2500     
10.3610      113.0000     
10.3620      110.0000     
10.3630      110.5000     
10.3640      115.0000     
10.3650      114.7500     
10.3660      108.2500     
10.3670      114.2500     
10.3680      113.7500     
10.3690      98.7500      
10.3700      109.0000     
10.3710      104.5000     
10.3720      104.0000     
10.3730      96.2500      
10.3740      106.0000     
10.3750      111.7500     
10.3760      115.2500     
10.3770      110.5000     
10.3780      105.5000     
10.3790      116.2500     
10.3800      108.0000     
10.3810      112.2500     
10.3820      105.7500     
10.3830      111.0000     
10.3840      106.5000     
10.3850      99.7500      
10.3860      101.0000     
10.3870      104.2500     
10.3880      110.5000     
10.3890      109.7500     
10.3900      111.0000     
10.3910      106.7500     
10.3920      107.7500     
10.3930      100.0000     
10.3940      112.5000     
10.3950      94.5000      
10.3960      95.5000      
10.3970      96.5000      
10.3980      102.0000     
10.3990      100.7500     
10.4000      96.2500      
10.4010      106.2500     
10.4020      108.5000     
10.4030      89.5000      
10.4040      99.2500      
10.4050      97.5000      
10.4060      107.2500     
10.4070      99.5000      
10.4080      103.5000     
10.4090      101.5000     
10.4100      99.0000      
10.4110      111.0000     
10.4120      94.5000      
10.4130      90.7500      
10.4140      106.0000     
10.4150      108.0000     
10.4160      106.5000     
10.4170      105.2500     
10.4180      91.5000      
10.4190      101.5000     
10.4200      90.2500      
10.4210      93.5000      
10.4220      93.0000      
10.4230      90.5000      
10.4240      99.2500      
10.4250      93.2500      
10.4260      99.2500      
10.4270      100.2500     
10.4280      96.5000      
10.4290      97.7500      
10.4300      95.0000      
10.4310      97.0000      
10.4320      101.0000     
10.4330      108.5000     
10.4340      104.0000     
10.4350      97.0000      
10.4360      90.2500      
10.4370      95.7500      
10.4380      92.5000      
10.4390      94.0000      
10.4400      99.0000      
10.4410      90.0000      
10.4420      95.5000      
10.4430      97.2500      
10.4440      94.2500      
10.4450      93.5000      
10.4460      91.0000      
10.4470      90.0000      
10.4480      91.7500      
10.4490      91.0000      
10.4500      101.5000     
10.4510      94.5000      
10.4520      94.2500      
10.4530      92.5000      
10.4540      96.5000      
10.4550      87.7500      
10.4560      86.0000      
10.4570      87.7500      
10.4580      102.2500     
10.4590      90.0000      
10.4600      93.5000      
10.4610      95.5000      
10.4620      90.7500      
10.4630      88.2500      
10.4640      88.2500      
10.4650      93.2500      
10.4660      85.2500      
10.4670      85.2500      
10.4680      90.7500      
10.4690      87.5000      
10.4700      89.5000      
10.4710      91.5000      
10.4720      85.0000      
10.4730      81.5000      
10.4740      87.5000      
10.4750      85.5000      
10.4760      87.7500      
10.4770      85.2500      
10.4780      89.7500      
10.4790      85.0000      
10.4800      88.7500      
10.4810      87.5000      
10.4820      86.0000      
10.4830      90.5000      
10.4840      84.2500      
10.4850      80.0000      
10.4860      87.2500      
10.4870      92.0000      
10.4880      85.0000      
10.4890      86.2500      
10.4900      82.7500      
10.4910      84.7500      
10.4920      84.5000      
10.4930      80.2500      
10.4940      82.0000      
10.4950      86.2500      
10.4960      84.7500      
10.4970      82.2500      
10.4980      91.2500      
10.4990      80.7500      
10.5000      82.7500      
10.5010      77.2500      
10.5020      89.5000      
10.5030      88.0000      
10.5040      80.5000      
10.5050      78.5000      
10.5060      82.7500      
10.5070      82.5000      
10.5080      93.0000      
10.5090      94.7500      
10.5100      88.2500      
10.5110      75.0000      
10.5120      80.7500      
10.5130      91.2500      
10.5140      80.2500      
10.5150      87.2500      
10.5160      81.7500      
10.5170      78.2500      
10.5180      88.2500      
10.5190      82.2500      
10.5200      84.7500      
10.5210      87.2500      
10.5220      74.0000      
10.5230      72.2500      
10.5240      80.2500      
10.5250      82.7500      
10.5260      82.5000      
10.5270      79.2500      
10.5280      74.7500      
10.5290      86.0000      
10.5300      82.5000      
10.5310      77.2500      
10.5320      84.7500      
10.5330      88.5000      
10.5340      80.7500      
10.5350      82.5000      
10.5360      82.7500      
10.5370      80.0000      
10.5380      81.2500      
10.5390      80.5000      
10.5400      89.0000      
10.5410      78.2500      
10.5420      84.0000      
10.5430      87.2500      
10.5440      84.0000      
10.5450      74.5000      
10.5460      84.7500      
10.5470      80.2500      
10.5480      79.5000      
10.5490      75.7500      
10.5500      89.7500      
10.5510      82.2500      
10.5520      81.0000      
10.5530      78.7500      
10.5540      86.5000      
10.5550      86.0000      
10.5560      87.5000      
10.5570      80.7500      
10.5580      74.7500      
10.5590      80.0000      
10.5600      80.2500      
10.5610      87.7500      
10.5620      82.2500      
10.5630      75.5000      
10.5640      87.0000      
10.5650      77.2500      
10.5660      81.5000      
10.5670      84.2500      
10.5680      86.7500      
10.5690      70.5000      
10.5700      71.5000      
10.5710      79.2500      
10.5720      84.5000      
10.5730      85.0000      
10.5740      82.0000      
10.5750      78.0000      
10.5760      79.0000      
10.5770      78.7500      
10.5780      76.7500      
10.5790      80.7500      
10.5800      83.2500      
10.5810      76.2500      
10.5820      75.0000      
10.5830      79.7500      
10.5840      73.0000      
10.5850      88.2500      
10.5860      72.0000      
10.5870      88.7500      
10.5880      78.0000      
10.5890      80.2500      
10.5900      76.0000      
10.5910      74.2500      
10.5920      79.5000      
10.5930      74.2500      
10.5940      79.0000      
10.5950      76.7500      
10.5960      66.2500      
10.5970      72.5000      
10.5980      70.5000      
10.5990      78.7500      
10.6000      73.2500      
10.6010      86.0000      
10.6020      76.2500      
10.6030      80.5000      
10.6040      72.0000      
10.6050      85.0000      
10.6060      77.5000      
10.6070      79.0000      
10.6080      77.5000      
10.6090      81.2500      
10.6100      73.0000      
10.6110      77.7500      
10.6120      77.5000      
10.6130      85.5000      
10.6140      82.7500      
10.6150      74.2500      
10.6160      71.0000      
10.6170      76.5000      
10.6180      75.7500      
10.6190      70.0000      
10.6200      74.5000      
10.6210      78.5000      
10.6220      75.7500      
10.6230      75.7500      
10.6240      79.5000      
10.6250      80.5000      
10.6260      77.0000      
10.6270      71.7500      
10.6280      77.2500      
10.6290      65.0000      
10.6300      77.0000      
10.6310      77.5000      
10.6320      78.5000      
10.6330      79.0000      
10.6340      74.7500      
10.6350      83.7500      
10.6360      83.0000      
10.6370      85.0000      
10.6380      76.7500      
10.6390      71.5000      
10.6400      80.7500      
10.6410      69.5000      
10.6420      75.5000      
10.6430      77.7500      
10.6440      73.0000      
10.6450      73.2500      
10.6460      76.2500      
10.6470      76.0000      
10.6480      80.5000      
10.6490      77.5000      
10.6500      74.5000      
10.6510      83.0000      
10.6520      85.2500      
10.6530      77.7500      
10.6540      74.2500      
10.6550      73.2500      
10.6560      83.7500      
10.6570      77.0000      
10.6580      75.7500      
10.6590      69.2500      
10.6600      76.5000      
10.6610      70.5000      
10.6620      77.5000      
10.6630      72.2500      
10.6640      73.7500      
10.6650      68.0000      
10.6660      79.2500      
10.6670      68.7500      
10.6680      70.0000      
10.6690      64.5000      
10.6700      74.5000      
10.6710      62.5000      
10.6720      69.7500      
10.6730      69.7500      
10.6740      78.2500      
10.6750      71.5000      
10.6760      73.5000      
10.6770      70.2500      
10.6780      79.0000      
10.6790      74.7500      
10.6800      74.0000      
10.6810      67.5000      
10.6820      72.5000      
10.6830      70.5000      
10.6840      66.7500      
10.6850      72.2500      
10.6860      76.0000      
10.6870      72.0000      
10.6880      67.0000      
10.6890      75.5000      
10.6900      72.5000      
10.6910      75.0000      
10.6920      70.2500      
10.6930      82.0000      
10.6940      69.0000      
10.6950      73.0000      
10.6960      69.0000      
10.6970      82.5000      
10.6980      76.7500      
10.6990      72.7500      
10.7000      74.2500      
10.7010      70.0000      
10.7020      69.5000      
10.7030      75.5000      
10.7040      70.5000      
10.7050      82.0000      
10.7060      79.2500      
10.7070      69.0000      
10.7080      76.5000      
10.7090      70.2500      
10.7100      78.7500      
10.7110      69.2500      
10.7120      70.5000      
10.7130      78.5000      
10.7140      77.7500      
10.7150      71.7500      
10.7160      74.7500      
10.7170      69.0000      
10.7180      78.0000      
10.7190      77.5000      
10.7200      73.0000      
10.7210      78.0000      
10.7220      75.5000      
10.7230      67.5000      
10.7240      73.7500      
10.7250      75.7500      
10.7260      70.0000      
10.7270      69.7500      
10.7280      70.0000      
10.7290      67.5000      
10.7300      68.7500      
10.7310      71.5000      
10.7320      64.0000      
10.7330      74.0000      
10.7340      73.0000      
10.7350      72.0000      
10.7360      69.2500      
10.7370      73.0000      
10.7380      69.0000      
10.7390      71.2500      
10.7400      72.2500      
10.7410      69.7500      
10.7420      63.5000      
10.7430      69.5000      
10.7440      70.7500      
10.7450      66.5000      
10.7460      71.0000      
10.7470      75.5000      
10.7480      70.0000      
10.7490      67.2500      
10.7500      71.7500      
10.7510      60.5000      
10.7520      68.2500      
10.7530      58.5000      
10.7540      67.7500      
10.7550      73.2500      
10.7560      64.5000      
10.7570      70.0000      
10.7580      63.0000      
10.7590      66.2500      
10.7600      69.7500      
10.7610      69.2500      
10.7620      70.7500      
10.7630      59.5000      
10.7640      64.5000      
10.7650      63.0000      
10.7660      67.7500      
10.7670      68.5000      
10.7680      63.2500      
10.7690      71.5000      
10.7700      73.2500      
10.7710      59.7500      
10.7720      65.0000      
10.7730      59.7500      
10.7740      67.7500      
10.7750      67.2500      
10.7760      58.0000      
10.7770      64.5000      
10.7780      64.2500      
10.7790      69.2500      
10.7800      60.5000      
10.7810      63.2500      
10.7820      69.2500      
10.7830      62.0000      
10.7840      65.0000      
10.7850      64.2500      
10.7860      58.2500      
10.7870      64.2500      
10.7880      64.7500      
10.7890      64.2500      
10.7900      61.0000      
10.7910      66.0000      
10.7920      59.5000      
10.7930      67.0000      
10.7940      56.2500      
10.7950      60.0000      
10.7960      67.0000      
10.7970      57.2500      
10.7980      63.5000      
10.7990      63.7500      
10.8000      62.5000      
10.8010      61.0000      
10.8020      58.5000      
10.8030      65.0000      
10.8040      59.0000      
10.8050      57.5000      
10.8060      61.0000      
10.8070      54.5000      
10.8080      61.5000      
10.8090      65.0000      
10.8100      56.5000      
10.8110      56.2500      
10.8120      63.5000      
10.8130      65.2500      
10.8140      56.0000      
10.8150      50.7500      
10.8160      58.2500      
10.8170      63.2500      
10.8180      67.0000      
10.8190      58.2500      
10.8200      51.2500      
10.8210      56.5000      
10.8220      51.2500      
10.8230      57.2500      
10.8240      54.5000      
10.8250      56.0000      
10.8260      55.7500      
10.8270      58.7500      
10.8280      50.7500      
10.8290      52.2500      
10.8300      55.5000      
10.8310      56.2500      
10.8320      55.7500      
10.8330      55.7500      
10.8340      60.5000      
10.8350      48.2500      
10.8360      49.5000      
10.8370      53.0000      
10.8380      54.7500      
10.8390      50.7500      
10.8400      50.5000      
10.8410      50.7500      
10.8420      58.0000      
10.8430      47.7500      
10.8440      49.5000      
10.8450      48.5000      
10.8460      51.2500      
10.8470      52.5000      
10.8480      48.7500      
10.8490      52.0000      
10.8500      47.0000      
10.8510      48.0000      
10.8520      44.0000      
10.8530      45.2500      
10.8540      49.5000      
10.8550      45.7500      
10.8560      49.5000      
10.8570      49.7500      
10.8580      48.7500      
10.8590      50.5000      
10.8600      46.2500      
10.8610      46.5000      
10.8620      50.2500      
10.8630      47.0000      
10.8640      46.7500      
10.8650      47.5000      
10.8660      51.5000      
10.8670      47.5000      
10.8680      53.0000      
10.8690      50.2500      
10.8700      48.5000      
10.8710      49.7500      
10.8720      45.0000      
10.8730      48.5000      
10.8740      46.7500      
10.8750      41.5000      
10.8760      47.7500      
10.8770      48.0000      
10.8780      46.2500      
10.8790      45.0000      
10.8800      44.0000      
10.8810      44.0000      
10.8820      51.0000      
10.8830      43.0000      
10.8840      52.0000      
10.8850      44.7500      
10.8860      42.2500      
10.8870      43.7500      
10.8880      45.2500      
10.8890      50.7500      
10.8900      49.0000      
10.8910      41.2500      
10.8920      35.2500      
10.8930      43.7500      
10.8940      49.0000      
10.8950      45.7500      
10.8960      55.2500      
10.8970      43.7500      
10.8980      38.7500      
10.8990      43.5000      
10.9000      38.5000      
10.9010      45.2500      
10.9020      42.0000      
10.9030      44.5000      
10.9040      36.2500      
10.9050      41.0000      
10.9060      39.5000      
10.9070      38.2500      
10.9080      35.7500      
10.9090      43.2500      
10.9100      34.5000      
10.9110      44.2500      
10.9120      44.2500      
10.9130      44.0000      
10.9140      41.0000      
10.9150      37.5000      
10.9160      42.2500      
10.9170      39.2500      
10.9180      37.0000      
10.9190      40.5000      
10.9200      41.2500      
10.9210      37.5000      
10.9220      39.7500      
10.9230      40.2500      
10.9240      41.5000      
10.9250      42.0000      
10.9260      45.2500      
10.9270      32.5000      
10.9280      35.0000      
10.9290      37.5000      
10.9300      34.0000      
10.9310      36.2500      
10.9320      38.2500      
10.9330      37.7500      
10.9340      40.2500      
10.9350      36.5000      
10.9360      39.0000      
10.9370      39.0000      
10.9380      32.0000      
10.9390      40.2500      
10.9400      37.0000      
10.9410      36.5000      
10.9420      43.0000      
10.9430      39.5000      
10.9440      33.5000      
10.9450      38.2500      
10.9460      34.2500      
10.9470      45.2500      
10.9480      37.5000      
10.9490      34.2500      
10.9500      34.2500      
10.9510      36.5000      
10.9520      36.0000      
10.9530      38.5000      
10.9540      36.2500      
10.9550      34.0000      
10.9560      38.2500      
10.9570      34.7500      
10.9580      37.7500      
10.9590      33.5000      
10.9600      40.5000      
10.9610      37.2500      
10.9620      36.5000      
10.9630      34.5000      
10.9640      33.5000      
10.9650      36.5000      
10.9660      34.0000      
10.9670      39.0000      
10.9680      35.0000      
10.9690      34.0000      
10.9700      33.7500      
10.9710      37.2500      
10.9720      37.0000      
10.9730      35.2500      
10.9740      34.5000      
10.9750      35.7500      
10.9760      35.7500      
10.9770      33.2500      
10.9780      34.5000      
10.9790      27.0000      
10.9800      32.0000      
10.9810      34.0000      
10.9820      30.2500      
10.9830      37.2500      
10.9840      35.0000      
10.9850      34.2500      
10.9860      36.7500      
10.9870      32.2500      
10.9880      36.2500      
10.9890      33.7500      
10.9900      30.5000      
10.9910      38.2500      
10.9920      34.7500      
10.9930      31.0000      
10.9940      31.5000      
10.9950      36.0000      
10.9960      38.2500      
10.9970      33.7500      
10.9980      32.0000      
10.9990      34.5000      
11.0000      35.5000      
11.0010      29.5000      
11.0020      36.5000      
11.0030      30.2500      
11.0040      34.2500      
11.0050      33.2500      
11.0060      37.5000      
11.0070      30.5000      
11.0080      32.7500      
11.0090      35.7500      
11.0100      32.2500      
11.0110      36.0000      
11.0120      35.2500      
11.0130      29.0000      
11.0140      34.2500      
11.0150      37.0000      
11.0160      35.7500      
11.0170      28.7500      
11.0180      35.2500      
11.0190      30.5000      
11.0200      38.0000      
11.0210      33.0000      
11.0220      33.0000      
11.0230      36.2500      
11.0240      36.2500      
11.0250      32.2500      
11.0260      29.7500      
11.0270      31.5000      
11.0280      31.5000      
11.0290      32.0000      
11.0300      30.2500      
11.0310      29.7500      
11.0320      30.7500      
11.0330      32.2500      
11.0340      35.2500      
11.0350      34.5000      
11.0360      29.2500      
11.0370      36.2500      
11.0380      27.2500      
11.0390      30.2500      
11.0400      30.5000      
11.0410      30.0000      
11.0420      31.0000      
11.0430      32.5000      
11.0440      26.5000      
11.0450      38.5000      
11.0460      33.0000      
11.0470      33.2500      
11.0480      33.2500      
11.0490      33.7500      
11.0500      31.2500      
11.0510      39.5000      
11.0520      36.7500      
11.0530      35.7500      
11.0540      34.5000      
11.0550      34.0000      
11.0560      29.5000      
11.0570      34.5000      
11.0580      29.2500      
11.0590      32.5000      
11.0600      31.5000      
11.0610      34.7500      
11.0620      33.7500      
11.0630      30.0000      
11.0640      28.0000      
11.0650      35.7500      
11.0660      30.2500      
11.0670      31.0000      
11.0680      30.0000      
11.0690      36.7500      
11.0700      31.0000      
11.0710      31.2500      
11.0720      29.0000      
11.0730      30.2500      
11.0740      35.2500      
11.0750      30.7500      
11.0760      31.7500      
11.0770      29.0000      
11.0780      31.2500      
11.0790      33.2500      
11.0800      30.7500      
11.0810      32.2500      
11.0820      30.0000      
11.0830      32.7500      
11.0840      31.7500      
11.0850      29.2500      
11.0860      31.2500      
11.0870      31.0000      
11.0880      26.7500      
11.0890      33.0000      
11.0900      30.0000      
11.0910      30.7500      
11.0920      35.5000      
11.0930      38.0000      
11.0940      32.7500      
11.0950      33.0000      
11.0960      33.0000      
11.0970      33.2500      
11.0980      29.5000      
11.0990      35.2500      
11.1000      28.7500      
11.1010      29.0000      
11.1020      28.5000      
11.1030      33.0000      
11.1040      29.2500      
11.1050      31.5000      
11.1060      34.0000      
11.1070      31.0000      
11.1080      30.5000      
11.1090      25.7500      
11.1100      30.5000      
11.1110      31.5000      
11.1120      38.2500      
11.1130      37.2500      
11.1140      31.7500      
11.1150      30.7500      
11.1160      32.5000      
11.1170      30.0000      
11.1180      30.5000      
11.1190      26.5000      
11.1200      36.0000      
11.1210      28.5000      
11.1220      33.0000      
11.1230      30.0000      
11.1240      32.2500      
11.1250      32.5000      
11.1260      29.5000      
11.1270      27.5000      
11.1280      29.7500      
11.1290      29.2500      
11.1300      27.2500      
11.1310      31.0000      
11.1320      30.0000      
11.1330      32.7500      
11.1340      36.5000      
11.1350      29.5000      
11.1360      28.0000      
11.1370      32.0000      
11.1380      29.7500      
11.1390      31.0000      
11.1400      30.2500      
11.1410      31.5000      
11.1420      29.2500      
11.1430      27.7500      
11.1440      31.5000      
11.1450      30.5000      
11.1460      35.0000      
11.1470      30.7500      
11.1480      34.7500      
11.1490      30.0000      
11.1500      29.5000      
11.1510      30.2500      
11.1520      33.2500      
11.1530      33.2500      
11.1540      35.2500      
11.1550      33.5000      
11.1560      30.5000      
11.1570      22.7500      
11.1580      34.2500      
11.1590      27.2500      
11.1600      29.7500      
11.1610      29.0000      
11.1620      33.2500      
11.1630      30.2500      
11.1640      26.5000      
11.1650      29.2500      
11.1660      28.5000      
11.1670      27.7500      
11.1680      26.2500      
11.1690      28.0000      
11.1700      27.2500      
11.1710      34.7500      
11.1720      32.5000      
11.1730      33.2500      
11.1740      35.2500      
11.1750      30.5000      
11.1760      31.5000      
11.1770      25.0000      
11.1780      32.7500      
11.1790      24.7500      
11.1800      30.0000      
11.1810      25.7500      
11.1820      26.0000      
11.1830      26.0000      
11.1840      29.2500      
11.1850      26.2500      
11.1860      28.2500      
11.1870      27.0000      
11.1880      24.7500      
11.1890      27.7500      
11.1900      26.2500      
11.1910      28.2500      
11.1920      31.5000      
11.1930      28.5000      
11.1940      27.2500      
11.1950      25.2500      
11.1960      28.2500      
11.1970      33.2500      
11.1980      28.7500      
11.1990      32.0000      
11.2000      29.5000      
11.2010      28.2500      
11.2020      29.2500      
11.2030      30.2500      
11.2040      27.2500      
11.2050      22.7500      
11.2060      28.5000      
11.2070      29.7500      
11.2080      27.2500      
11.2090      20.7500      
11.2100      28.2500      
11.2110      29.5000      
11.2120      27.7500      
11.2130      34.5000      
11.2140      24.5000      
11.2150      26.5000      
11.2160      31.5000      
11.2170      28.2500      
11.2180      26.5000      
11.2190      29.7500      
11.2200      25.0000      
11.2210      26.0000      
11.2220      24.0000      
11.2230      27.7500      
11.2240      28.7500      
11.2250      27.5000      
11.2260      28.0000      
11.2270      29.7500      
11.2280      24.5000      
11.2290      26.2500      
11.2300      27.0000      
11.2310      28.5000      
11.2320      29.0000      
11.2330      27.0000      
11.2340      25.0000      
11.2350      28.2500      
11.2360      21.0000      
11.2370      28.0000      
11.2380      25.7500      
11.2390      24.0000      
11.2400      25.5000      
11.2410      24.7500      
11.2420      22.0000      
11.2430      25.5000      
11.2440      22.2500      
11.2450      26.2500      
11.2460      24.5000      
11.2470      25.5000      
11.2480      23.7500      
11.2490      26.7500      
11.2500      22.7500      
11.2510      30.0000      
11.2520      23.7500      
11.2530      21.7500      
11.2540      21.2500      
11.2550      29.0000      
11.2560      27.0000      
11.2570      25.0000      
11.2580      19.5000      
11.2590      29.2500      
11.2600      20.0000      
11.2610      22.7500      
11.2620      24.5000      
11.2630      19.7500      
11.2640      25.2500      
11.2650      22.2500      
11.2660      24.7500      
11.2670      23.2500      
11.2680      27.0000      
11.2690      22.2500      
11.2700      22.7500      
11.2710      24.5000      
11.2720      23.7500      
11.2730      17.7500      
11.2740      19.2500      
11.2750      21.2500      
11.2760      21.2500      
11.2770      25.2500      
11.2780      21.7500      
11.2790      24.0000      
11.2800      22.5000      
11.2810      18.7500      
11.2820      17.0000      
11.2830      17.5000      
11.2840      16.5000      
11.2850      21.2500      
11.2860      17.2500      
11.2870      17.7500      
11.2880      26.2500      
11.2890      16.7500      
11.2900      16.2500      
11.2910      19.2500      
11.2920      20.0000      
11.2930      21.5000      
11.2940      16.5000      
11.2950      21.0000      
11.2960      17.7500      
11.2970      17.7500      
11.2980      16.0000      
11.2990      20.2500      
11.3000      15.7500      
11.3010      18.5000      
11.3020      20.0000      
11.3030      15.0000      
11.3040      14.5000      
11.3050      16.5000      
11.3060      15.2500      
11.3070      16.2500      
11.3080      19.7500      
11.3090      16.7500      
11.3100      18.0000      
11.3110      16.2500      
11.3120      16.2500      
11.3130      15.0000      
11.3140      15.5000      
11.3150      13.5000      
11.3160      12.2500      
11.3170      17.7500      
11.3180      12.7500      
11.3190      17.7500      
11.3200      15.2500      
11.3210      15.0000      
11.3220      15.0000      
11.3230      12.5000      
11.3240      17.7500      
11.3250      14.0000      
11.3260      16.5000      
11.3270      14.2500      
11.3280      13.0000      
11.3290      13.2500      
11.3300      11.0000      
11.3310      16.7500      
11.3320      14.2500      
11.3330      14.2500      
11.3340      14.0000      
11.3350      16.2500      
11.3360      13.7500      
11.3370      14.0000      
11.3380      14.5000      
11.3390      15.2500      
11.3400      13.5000      
11.3410      12.2500      
11.3420      12.7500      
11.3430      14.7500      
11.3440      10.7500      
11.3450      12.0000      
11.3460      12.0000      
11.3470      13.5000      
11.3480      13.7500      
11.3490      11.5000      
11.3500      12.7500      
11.3510      9.5000       
11.3520      9.2500       
11.3530      11.5000      
11.3540      11.2500      
11.3550      12.2500      
11.3560      13.5000      
11.3570      10.0000      
11.3580      11.2500      
11.3590      10.2500      
11.3600      8.2500       
11.3610      11.7500      
11.3620      13.7500      
11.3630      9.0000       
11.3640      8.5000       
11.3650      8.7500       
11.3660      10.0000      
11.3670      7.2500       
11.3680      8.7500       
11.3690      9.2500       
11.3700      12.2500      
11.3710      8.7500       
11.3720      5.7500       
11.3730      7.0000       
11.3740      9.7500       
11.3750      8.2500       
11.3760      8.5000       
11.3770      7.7500       
11.3780      6.5000       
11.3790      5.7500       
11.3800      9.5000       
11.3810      7.7500       
11.3820      8.5000       
11.3830      7.0000       
11.3840      8.0000       
11.3850      7.5000       
11.3860      8.2500       
11.3870      5.2500       
11.3880      6.2500       
11.3890      8.5000       
11.3900      7.7500       
11.3910      7.5000       
11.3920      6.7500       
11.3930      6.5000       
11.3940      7.5000       
11.3950      6.2500       
11.3960      6.5000       
11.3970      6.0000       
11.3980      4.7500       
11.3990      6.0000       
11.4000      5.0000       
11.4010      3.5000       
11.4020      5.5000       
11.4030      5.5000       
11.4040      3.7500       
11.4050      5.0000       
11.4060      6.2500       
11.4070      4.7500       
11.4080      5.2500       
11.4090      3.0000       
11.4100      3.5000       
11.4110      4.2500       
11.4120      4.2500       
11.4130      5.7500       
11.4140      6.0000       
11.4150      4.0000       
11.4160      5.0000       
11.4170      4.5000       
11.4180      4.2500       
11.4190      4.5000       
11.4200      5.0000       
11.4210      4.2500       
11.4220      5.0000       
11.4230      2.5000       
11.4240      4.0000       
11.4250      2.5000       
11.4260      2.5000       
11.4270      4.0000       
11.4280      4.0000       
11.4290      2.5000       
11.4300      4.0000       
11.4310      3.0000       
11.4320      4.7500       
11.4330      3.0000       
11.4340      3.0000       
11.4350      4.7500       
11.4360      2.7500       
11.4370      2.0000       
11.4380      2.5000       
11.4390      2.2500       
11.4400      3.0000       
11.4410      4.0000       
11.4420      1.7500       
11.4430      1.5000       
11.4440      3.2500       
11.4450      3.0000       
11.4460      2.2500       
11.4470      2.2500       
11.4480      2.2500       
11.4490      1.2500       
11.4500      3.2500       
11.4510      2.2500       
11.4520      1.7500       
11.4530      2.2500       
11.4540      1.0000       
11.4550      2.2500       
11.4560      2.5000       
11.4570      1.7500       
11.4580      2.5000       
11.4590      1.5000       
11.4600      2.0000       
11.4610      0.7500       
11.4620      2.7500       
11.4630      1.5000       
11.4640      1.7500       
11.4650      2.2500       
11.4660      1.7500       
11.4670      3.2500       
11.4680      1.7500       
11.4690      0.5000       
11.4700      2.2500       
11.4710      2.0000       
11.4720      2.0000       
11.4730      1.0000       
11.4740      1.5000       
11.4750      1.0000       
11.4760      0.7500       
11.4770      0.5000       
11.4780      2.2500       
11.4790      1.0000       
11.4800      0.7500       
11.4810      1.7500       
11.4820      1.2500       
11.4830      1.5000       
11.4840      1.7500       
11.4850      1.7500       
11.4860      0.2500       
11.4870      0.2500       
11.4880      1.0000       
11.4890      0.7500       
11.4900      0.7500       
11.4910      1.7500       
11.4920      0.2500       
11.4930      1.0000       
11.4940      1.2500       
11.4950      0.0000       
11.4960      1.2500       
11.4970      1.2500       
11.4980      1.2500       
11.4990      0.7500       
11.5000      0.2500       
11.5010      0.2500       
11.5020      1.2500       
11.5030      0.5000       
11.5040      0.2500       
11.5050      0.5000       
11.5060      0.5000       
11.5070      0.2500       
11.5080      0.5000       
11.5090      0.2500       
11.5100      0.7500       
11.5110      0.0000       
11.5120      0.0000       
11.5130      1.5000       
11.5140      0.7500       
11.5150      0.5000       
11.5160      0.2500       
11.5170      1.5000       
11.5180      0.2500       
11.5190      1.2500       
11.5200      0.0000       
11.5210      0.2500       
11.5220      0.0000       
11.5230      0.0000       
11.5240      0.5000       
11.5250      0.7500       
11.5260      0.7500       
11.5270      0.5000       
11.5280      0.0000       
11.5290      0.0000       
11.5300      0.2500       
11.5310      0.2500       
11.5320      0.7500       
11.5330      0.2500       
11.5340      0.0000       
11.5350      0.2500       
11.5360      0.2500       
11.5370      1.0000       
11.5380      0.2500       
11.5390      0.2500       
11.5400      0.0000       
11.5410      0.2500       
11.5420      0.5000       
11.5430      0.2500       
11.5440      0.5000       
11.5450      0.5000       
11.5460      0.0000       
11.5470      0.2500       
11.5480      0.0000       
11.5490      0.2500       
11.5500      0.2500       
11.5510      0.2500       
11.5520      0.2500       
11.5530      0.0000       
11.5540      0.0000       
11.5550      0.0000       
11.5560      0.5000       
11.5570      0.2500       
11.5580      0.5000       
11.5590      0.0000       
11.5600      0.0000       
11.5610      0.0000       
11.5620      0.0000       
11.5630      0.0000       
11.5640      0.0000       
11.5650      0.0000       
11.5660      0.2500       
11.5670      0.5000       
11.5680      0.0000       
11.5690      0.0000       
11.5700      0.0000       
11.5710      0.2500       
11.5720      0.2500       
11.5730      0.2500       
11.5740      0.0000       
11.5750      0.0000       
11.5760      0.2500       
11.5770      0.0000       
11.5780      0.0000       
11.5790      0.0000       
11.5800      0.0000       
11.5810      0.2500       
11.5820      0.0000       
11.5830      0.0000       
11.5840      0.0000       
11.5850      0.0000       
11.5860      0.2500       
11.5870      0.0000       
11.5880      0.0000       
11.5890      0.0000       
11.5900      0.0000       
11.5910      0.0000       
11.5920      0.0000       
11.5930      0.0000       
11.5940      0.0000       
11.5950      0.0000       
11.5960      0.0000       
11.5970      0.0000       
11.5980      0.2500       
11.5990      0.0000       
11.6000      0.0000       
11.6010      0.0000       
11.6020      0.0000       
11.6030      0.0000       
11.6040      0.0000       
11.6050      0.0000       
11.6060      0.0000       
11.6070      0.0000       
11.6080      0.0000       
11.6090      0.0000       
11.6100      0.0000       
11.6110      0.0000       
11.6120      0.2500       
11.6130      0.0000       
11.6140      0.0000       
11.6150      0.0000       
11.6160      0.0000       
11.6170      0.2500       
11.6180      0.0000       
11.6190      0.0000       
11.6200      0.0000       
11.6210      0.0000       
11.6220      0.0000       
11.6230      0.0000       
11.6240      0.2500       
11.6250      0.0000       
11.6260      0.0000       
11.6270      0.0000       
11.6280      0.0000       
11.6290      0.0000       
11.6300      0.0000       
11.6310      0.0000       
11.6320      0.0000       
11.6330      0.0000       
11.6340      0.0000       
11.6350      0.0000       
11.6360      0.0000       
11.6370      0.0000       
11.6380      0.0000       
11.6390      0.0000       
11.6400      0.0000       
11.6410      0.0000       
11.6420      0.0000       
11.6430      0.0000       
11.6440      0.0000       
11.6450      0.0000       
11.6460      0.0000       
11.6470      0.0000       
11.6480      0.0000       
11.6490      0.0000       
11.6500      0.0000       
11.6510      0.0000       
11.6520      0.0000       
11.6530      0.0000       
11.6540      0.0000       
11.6550      0.0000       
11.6560      0.0000       
11.6570      0.0000       
11.6580      0.0000       
11.6590      0.0000       
11.6600      0.0000       
11.6610      0.0000       
11.6620      0.0000       
11.6630      0.0000       
11.6640      0.0000       
11.6650      0.0000       
11.6660      0.0000       
11.6670      0.0000       
11.6680      0.0000       
11.6690      0.0000       
11.6700      0.0000       
11.6710      0.0000       
11.6720      0.0000       
11.6730      0.0000       
11.6740      0.0000       
11.6750      0.0000       
11.6760      0.0000       
11.6770      0.0000       
11.6780      0.0000       
11.6790      0.0000       
11.6800      0.0000       
11.6810      0.0000       
11.6820      0.0000       
11.6830      0.0000       
11.6840      0.0000       
11.6850      0.0000       
11.6860      0.0000       
11.6870      0.0000       
11.6880      0.0000       
11.6890      0.0000       
11.6900      0.0000       
11.6910      0.0000       
11.6920      0.0000       
11.6930      0.0000       
11.6940      0.0000       
11.6950      0.0000       
11.6960      0.0000       
11.6970      0.0000       
11.6980      0.0000       
11.6990      0.0000       
11.7000      0.0000       
11.7010      0.0000       
11.7020      0.0000       
11.7030      0.0000       
11.7040      0.0000       
11.7050      0.0000       
11.7060      0.0000       
11.7070      0.0000       
11.7080      0.0000       
11.7090      0.0000       
11.7100      0.0000       
11.7110      0.0000       
11.7120      0.0000       
11.7130      0.0000       
11.7140      0.0000       
11.7150      0.0000       
11.7160      0.0000       
11.7170      0.0000       
11.7180      0.0000       
11.7190      0.0000       
11.7200      0.0000       
11.7210      0.0000       
11.7220      0.0000       
11.7230      0.0000       
11.7240      0.0000       
