0.0000000    1.0000000    1.0000000    
0.0080000    0.9977555    0.9961208    
0.0160000    0.9931645    0.9887320    
0.0240000    0.9880575    0.9838090    
0.0320000    0.9843210    0.9821803    
0.0400000    0.9827666    0.9819689    
0.0480000    0.9833349    0.9821149    
0.0560000    0.9842880    0.9827811    
0.0640000    0.9858106    0.9840769    
0.0720000    0.9859445    0.9850327    
0.0800000    0.9851523    0.9844582    
0.0880000    0.9835089    0.9825585    
0.0960000    0.9808345    0.9806992    
0.1040000    0.9792630    0.9797255    
0.1120000    0.9789894    0.9794500    
0.1200000    0.9797094    0.9793663    
0.1280000    0.9803324    0.9794191    
0.1360000    0.9810762    0.9797076    
0.1440000    0.9807934    0.9797272    
0.1520000    0.9795203    0.9789958    
0.1600000    0.9782369    0.9778926    
0.1680000    0.9769923    0.9770416    
0.1760000    0.9765454    0.9766073    
0.1840000    0.9758639    0.9766656    
0.1920000    0.9764208    0.9770798    
0.2000000    0.9773989    0.9773339    
0.2080000    0.9769105    0.9774357    
0.2160000    0.9771554    0.9775004    
0.2240000    0.9764524    0.9771089    
0.2320000    0.9756942    0.9763890    
0.2400000    0.9755150    0.9759844    
0.2480000    0.9752830    0.9760191    
0.2560000    0.9759914    0.9762222    
0.2640000    0.9765702    0.9765175    
0.2720000    0.9770993    0.9768700    
0.2800000    0.9768994    0.9770692    
0.2880000    0.9766225    0.9770184    
0.2960000    0.9763204    0.9768119    
0.3040000    0.9761603    0.9765962    
0.3120000    0.9758508    0.9764421    
0.3200000    0.9762060    0.9763621    
0.3280000    0.9767685    0.9765379    
0.3360000    0.9767868    0.9769469    
0.3440000    0.9769685    0.9771011    
0.3520000    0.9772060    0.9768762    
0.3600000    0.9769185    0.9767519    
0.3680000    0.9765769    0.9768179    
0.3760000    0.9768817    0.9768534    
0.3840000    0.9768657    0.9769625    
0.3920000    0.9770233    0.9771312    
0.4000000    0.9774350    0.9773106    
0.4080000    0.9776882    0.9775665    
0.4160000    0.9775867    0.9777233    
0.4240000    0.9775626    0.9777419    
0.4320000    0.9775449    0.9777809    
0.4400000    0.9775445    0.9778931    
0.4480000    0.9776648    0.9780988    
0.4560000    0.9776584    0.9783587    
0.4640000    0.9783105    0.9785971    
0.4720000    0.9781276    0.9787538    
0.4800000    0.9785183    0.9787933    
0.4880000    0.9786002    0.9787464    
0.4960000    0.9785900    0.9787244    
0.5040000    0.9786089    0.9788222    
0.5120000    0.9784187    0.9789636    
0.5200000    0.9789759    0.9790395    
0.5280000    0.9793208    0.9791431    
0.5360000    0.9789091    0.9793676    
0.5440000    0.9796854    0.9794765    
0.5520000    0.9793103    0.9793654    
0.5600000    0.9790634    0.9792488    
0.5680000    0.9790740    0.9791452    
0.5760000    0.9791734    0.9790898    
0.5840000    0.9790330    0.9791628    
0.5920000    0.9794321    0.9792061    
0.6000000    0.9789003    0.9791529    
0.6080000    0.9792332    0.9790218    
0.6160000    0.9787902    0.9788399    
0.6240000    0.9790318    0.9786727    
0.6320000    0.9785011    0.9785530    
0.6400000    0.9788999    0.9784320    
0.6480000    0.9784314    0.9782451    
0.6560000    0.9790920    0.9780650    
0.6640000    0.9786465    0.9779313    
0.6720000    0.9783333    0.9778606    
0.6800000    0.9781804    0.9779011    
0.6880000    0.9780392    0.9778825    
0.6960000    0.9780200    0.9777249    
0.7040000    0.9779296    0.9775820    
0.7120000    0.9775569    0.9775103    
0.7200000    0.9776770    0.9774229    
0.7280000    0.9777027    0.9773503    
0.7360000    0.9776725    0.9774228    
0.7440000    0.9776388    0.9775259    
0.7520000    0.9773753    0.9774937    
0.7600000    0.9774130    0.9773948    
0.7680000    0.9773616    0.9774078    
0.7760000    0.9770469    0.9775001    
0.7840000    0.9773714    0.9774460    
0.7920000    0.9769693    0.9773764    
0.8000000    0.9776481    0.9774865    
0.8080000    0.9772551    0.9776088    
0.8160000    0.9770099    0.9776127    
0.8240000    0.9769997    0.9774957    
0.8320000    0.9772242    0.9773566    
0.8400000    0.9769491    0.9773180    
0.8480000    0.9766233    0.9774080    
0.8560000    0.9770937    0.9775425    
0.8640000    0.9772843    0.9776242    
0.8720000    0.9768969    0.9777773    
0.8800000    0.9771623    0.9779728    
0.8880000    0.9775179    0.9779371    
0.8960000    0.9771099    0.9777991    
0.9040000    0.9775104    0.9778616    
0.9120000    0.9772956    0.9780330    
0.9200000    0.9772108    0.9781135    
0.9280000    0.9775072    0.9781521    
0.9360000    0.9777294    0.9782182    
0.9440000    0.9776965    0.9783164    
0.9520000    0.9776727    0.9783826    
0.9600000    0.9777671    0.9783567    
0.9680000    0.9776063    0.9783748    
0.9760000    0.9779464    0.9784228    
0.9840000    0.9782695    0.9784146    
0.9920000    0.9779523    0.9784752    
1.0000000    0.9780057    0.9785536    
1.0080000    0.9780741    0.9785981    
1.0160000    0.9782310    0.9787448    
1.0240000    0.9784659    0.9789280    
1.0320000    0.9783627    0.9789453    
1.0400000    0.9783547    0.9788662    
1.0480000    0.9785158    0.9788413    
1.0560000    0.9782491    0.9787281    
1.0640000    0.9783157    0.9785162    
1.0720000    0.9783858    0.9784404    
1.0800000    0.9786080    0.9785203    
1.0880000    0.9784774    0.9786473    
1.0960000    0.9786743    0.9786793    
1.1040000    0.9787154    0.9785255    
1.1120000    0.9786916    0.9783563    
1.1200000    0.9786257    0.9783444    
1.1280000    0.9783820    0.9783398    
1.1360000    0.9781722    0.9781945    
1.1440000    0.9783074    0.9780898    
1.1520000    0.9782113    0.9782336    
1.1600000    0.9782390    0.9785342    
1.1680000    0.9782871    0.9786165    
1.1760000    0.9778204    0.9783319    
1.1840000    0.9783099    0.9780656    
1.1920000    0.9781541    0.9780718    
1.2000000    0.9777461    0.9781442    
1.2080000    0.9782244    0.9780601    
1.2160000    0.9782639    0.9779464    
1.2240000    0.9782565    0.9780062    
1.2320000    0.9785518    0.9781047    
1.2400000    0.9783538    0.9780977    
1.2480000    0.9781497    0.9780213    
1.2560000    0.9777819    0.9779144    
1.2640000    0.9781693    0.9778390    
1.2720000    0.9770568    0.9778262    
1.2800000    0.9777027    0.9778820    
1.2880000    0.9768591    0.9779204    
1.2960000    0.9775851    0.9778179    
1.3040000    0.9777389    0.9777091    
1.3120000    0.9777452    0.9777415    
1.3200000    0.9780517    0.9777293    
1.3280000    0.9778613    0.9775940    
1.3360000    0.9777946    0.9775297    
1.3440000    0.9785104    0.9775243    
1.3520000    0.9780126    0.9775686    
1.3600000    0.9782476    0.9776888    
1.3680000    0.9783031    0.9777444    
1.3760000    0.9777849    0.9778549    
1.3840000    0.9782782    0.9780704    
1.3920000    0.9783425    0.9780936    
1.4000000    0.9775570    0.9778963    
