0.0000000    1.0000000    1.0000000    
0.0080000    0.9958770    0.9929107    
0.0160000    0.9863931    0.9785997    
0.0240000    0.9750556    0.9676155    
0.0320000    0.9656431    0.9627545    
0.0400000    0.9624706    0.9613778    
0.0480000    0.9619893    0.9613205    
0.0560000    0.9647638    0.9626461    
0.0640000    0.9675262    0.9653139    
0.0720000    0.9692198    0.9673992    
0.0800000    0.9683231    0.9667970    
0.0880000    0.9656889    0.9637804    
0.0960000    0.9618563    0.9604497    
0.1040000    0.9582688    0.9582946    
0.1120000    0.9566242    0.9573541    
0.1200000    0.9563917    0.9571535    
0.1280000    0.9575876    0.9575449    
0.1360000    0.9591768    0.9582808    
0.1440000    0.9593727    0.9585863    
0.1520000    0.9578850    0.9577633    
0.1600000    0.9558809    0.9558854    
0.1680000    0.9537384    0.9538813    
0.1760000    0.9511399    0.9526635    
0.1840000    0.9507566    0.9523433    
0.1920000    0.9517379    0.9526016    
0.2000000    0.9525130    0.9531924    
0.2080000    0.9530757    0.9537077    
0.2160000    0.9532038    0.9538055    
0.2240000    0.9521916    0.9534445    
0.2320000    0.9510453    0.9526254    
0.2400000    0.9495291    0.9516862    
0.2480000    0.9491913    0.9511201    
0.2560000    0.9492790    0.9511833    
0.2640000    0.9504597    0.9517237    
0.2720000    0.9509432    0.9522306    
0.2800000    0.9517277    0.9525355    
0.2880000    0.9514174    0.9525234    
0.2960000    0.9510781    0.9519857    
0.3040000    0.9503738    0.9513307    
0.3120000    0.9500690    0.9509721    
0.3200000    0.9499766    0.9508869    
0.3280000    0.9501310    0.9511593    
0.3360000    0.9512973    0.9517900    
0.3440000    0.9514169    0.9522580    
0.3520000    0.9521275    0.9523321    
0.3600000    0.9522046    0.9522525    
0.3680000    0.9516679    0.9520771    
0.3760000    0.9515123    0.9519156    
0.3840000    0.9513441    0.9518371    
0.3920000    0.9514865    0.9518688    
0.4000000    0.9521712    0.9521582    
0.4080000    0.9526380    0.9526949    
0.4160000    0.9530749    0.9532607    
0.4240000    0.9535214    0.9536840    
0.4320000    0.9532902    0.9539415    
0.4400000    0.9536503    0.9540148    
0.4480000    0.9533086    0.9540427    
0.4560000    0.9536469    0.9542099    
0.4640000    0.9542157    0.9544375    
0.4720000    0.9545047    0.9546618    
0.4800000    0.9548001    0.9549550    
0.4880000    0.9553170    0.9553222    
0.4960000    0.9553481    0.9555684    
0.5040000    0.9552853    0.9556555    
0.5120000    0.9553044    0.9558207    
0.5200000    0.9557764    0.9559987    
0.5280000    0.9555500    0.9561197    
0.5360000    0.9559955    0.9563009    
0.5440000    0.9561591    0.9564631    
0.5520000    0.9563204    0.9565277    
0.5600000    0.9562164    0.9565460    
0.5680000    0.9561989    0.9566412    
0.5760000    0.9561206    0.9568057    
0.5840000    0.9562090    0.9567997    
0.5920000    0.9561508    0.9565408    
0.6000000    0.9559645    0.9562071    
0.6080000    0.9562357    0.9559446    
0.6160000    0.9562765    0.9558014    
0.6240000    0.9559751    0.9556814    
0.6320000    0.9555828    0.9554274    
0.6400000    0.9560945    0.9552074    
0.6480000    0.9554808    0.9551905    
0.6560000    0.9551825    0.9552921    
0.6640000    0.9550714    0.9553351    
0.6720000    0.9553422    0.9550752    
0.6800000    0.9549981    0.9545972    
0.6880000    0.9543669    0.9542683    
0.6960000    0.9541718    0.9542174    
0.7040000    0.9541736    0.9541020    
0.7120000    0.9540858    0.9538479    
0.7200000    0.9540283    0.9537823    
0.7280000    0.9538879    0.9537626    
0.7360000    0.9535755    0.9535939    
0.7440000    0.9533346    0.9532564    
0.7520000    0.9533479    0.9528770    
0.7600000    0.9530602    0.9527611    
0.7680000    0.9532373    0.9528178    
0.7760000    0.9528413    0.9528361    
0.7840000    0.9524370    0.9527986    
0.7920000    0.9526398    0.9527809    
0.8000000    0.9525062    0.9528045    
0.8080000    0.9520940    0.9527611    
0.8160000    0.9525845    0.9527101    
0.8240000    0.9524416    0.9527185    
0.8320000    0.9523514    0.9527647    
0.8400000    0.9521780    0.9528608    
0.8480000    0.9520241    0.9529467    
0.8560000    0.9522919    0.9530504    
0.8640000    0.9522025    0.9532739    
0.8720000    0.9523998    0.9534856    
0.8800000    0.9519745    0.9534989    
0.8880000    0.9524675    0.9534669    
0.8960000    0.9522597    0.9535583    
0.9040000    0.9524278    0.9537069    
0.9120000    0.9520462    0.9538310    
0.9200000    0.9527801    0.9539182    
0.9280000    0.9526115    0.9540528    
0.9360000    0.9528656    0.9541918    
0.9440000    0.9529983    0.9542377    
0.9520000    0.9529345    0.9542077    
0.9600000    0.9531104    0.9542138    
0.9680000    0.9531899    0.9543252    
0.9760000    0.9534936    0.9544486    
0.9840000    0.9536253    0.9544723    
0.9920000    0.9539422    0.9543800    
1.0000000    0.9537520    0.9544348    
1.0080000    0.9540861    0.9546213    
1.0160000    0.9543501    0.9546669    
1.0240000    0.9542949    0.9547103    
1.0320000    0.9544006    0.9547523    
1.0400000    0.9544279    0.9547053    
1.0480000    0.9545544    0.9547876    
1.0560000    0.9551903    0.9550801    
1.0640000    0.9548445    0.9553208    
1.0720000    0.9549794    0.9553209    
1.0800000    0.9550658    0.9552384    
1.0880000    0.9554599    0.9551713    
1.0960000    0.9548585    0.9551451    
1.1040000    0.9551770    0.9552035    
1.1120000    0.9554120    0.9552407    
1.1200000    0.9553144    0.9551142    
1.1280000    0.9550654    0.9549122    
1.1360000    0.9545683    0.9548300    
1.1440000    0.9547154    0.9547697    
1.1520000    0.9546952    0.9546821    
1.1600000    0.9547737    0.9546011    
1.1680000    0.9543493    0.9544622    
1.1760000    0.9541665    0.9544277    
1.1840000    0.9546649    0.9545243    
1.1920000    0.9545467    0.9545478    
1.2000000    0.9545353    0.9545157    
1.2080000    0.9549457    0.9544448    
1.2160000    0.9546573    0.9542872    
1.2240000    0.9551068    0.9541038    
1.2320000    0.9545104    0.9538704    
1.2400000    0.9547039    0.9535288    
1.2480000    0.9546395    0.9534539    
1.2560000    0.9543892    0.9537862    
1.2640000    0.9539246    0.9539358    
1.2720000    0.9536257    0.9537140    
1.2800000    0.9534381    0.9534816    
1.2880000    0.9537804    0.9534457    
1.2960000    0.9533686    0.9535305    
1.3040000    0.9536988    0.9536035    
1.3120000    0.9536321    0.9535789    
1.3200000    0.9537136    0.9533848    
1.3280000    0.9538842    0.9531390    
1.3360000    0.9539352    0.9531143    
1.3440000    0.9543846    0.9533220    
1.3520000    0.9539274    0.9535345    
1.3600000    0.9535299    0.9537017    
1.3680000    0.9541734    0.9537976    
1.3760000    0.9533655    0.9537789    
1.3840000    0.9538614    0.9537090    
1.3920000    0.9537688    0.9536011    
1.4000000    0.9537509    0.9536196    
