0.0000000       1.0000000       1.0000000       
0.0080000       0.9841002       0.9908674       
0.0160000       0.9579909       0.9645157       
0.0240000       0.9158749       0.9239198       
0.0320000       0.8675955       0.8735320       
0.0400000       0.8154666       0.8186361       
0.0480000       0.7615813       0.7646360       
0.0560000       0.7168022       0.7164069       
0.0640000       0.6790459       0.6777995       
0.0720000       0.6535199       0.6513448       
0.0800000       0.6448462       0.6381518       
0.0880000       0.6456302       0.6379644       
0.0960000       0.6575653       0.6493262       
0.1040000       0.6806628       0.6698146       
0.1120000       0.7057294       0.6963188       
0.1200000       0.7365157       0.7253515       
0.1280000       0.7643918       0.7533874       
0.1360000       0.7891748       0.7772137       
0.1440000       0.8036925       0.7942635       
0.1520000       0.8059254       0.8028900       
0.1600000       0.8049403       0.8025366       
0.1680000       0.7912003       0.7937709       
0.1760000       0.7766650       0.7781701       
0.1840000       0.7522300       0.7580744       
0.1920000       0.7313987       0.7362496       
0.2000000       0.7065761       0.7155117       
0.2080000       0.6925891       0.6983716       
0.2160000       0.6790276       0.6867446       
0.2240000       0.6756137       0.6817566       
0.2320000       0.6785460       0.6836597       
0.2400000       0.6882785       0.6918551       
0.2480000       0.7021778       0.7050113       
0.2560000       0.7216339       0.7212585       
0.2640000       0.7415113       0.7384346       
0.2720000       0.7579508       0.7543558       
0.2800000       0.7700498       0.7670829       
0.2880000       0.7833385       0.7751506       
0.2960000       0.7818970       0.7777346       
0.3040000       0.7814061       0.7747330       
0.3120000       0.7725234       0.7667543       
0.3200000       0.7598335       0.7550132       
0.3280000       0.7439811       0.7411520       
0.3360000       0.7299293       0.7270131       
0.3440000       0.7156795       0.7143966       
0.3520000       0.7034531       0.7048343       
0.3600000       0.6979878       0.6994095       
0.3680000       0.6971982       0.6986419       
0.3760000       0.6983578       0.7024484       
0.3840000       0.7055543       0.7101793       
0.3920000       0.7138272       0.7207226       
0.4000000       0.7262067       0.7326596       
0.4080000       0.7389981       0.7444522       
0.4160000       0.7508918       0.7546383       
0.4240000       0.7594601       0.7620119       
0.4320000       0.7667365       0.7657656       
0.4400000       0.7659990       0.7655789       
0.4480000       0.7657179       0.7616414       
0.4560000       0.7609228       0.7546091       
0.4640000       0.7491307       0.7455015       
0.4720000       0.7422546       0.7355552       
0.4800000       0.7314826       0.7260549       
0.4880000       0.7185080       0.7181678       
0.4960000       0.7136971       0.7128008       
0.5040000       0.7091697       0.7105011       
0.5120000       0.7084492       0.7114074       
0.5200000       0.7078115       0.7152552       
0.5280000       0.7109376       0.7214308       
0.5360000       0.7206607       0.7290627       
0.5440000       0.7310336       0.7371396       
0.5520000       0.7388435       0.7446376       
0.5600000       0.7465094       0.7506456       
0.5680000       0.7532320       0.7544723       
0.5760000       0.7573322       0.7557248       
0.5840000       0.7566204       0.7543490       
0.5920000       0.7569565       0.7506256       
0.6000000       0.7528494       0.7451231       
0.6080000       0.7471245       0.7386130       
0.6160000       0.7386131       0.7319598       
0.6240000       0.7305158       0.7260031       
0.6320000       0.7256906       0.7214482       
0.6400000       0.7208004       0.7187815       
0.6480000       0.7195341       0.7182220       
0.6560000       0.7148605       0.7197109       
0.6640000       0.7154615       0.7229395       
0.6720000       0.7214911       0.7274055       
0.6800000       0.7242674       0.7324891       
0.6880000       0.7300012       0.7375361       
0.6960000       0.7374018       0.7419390       
0.7040000       0.7439061       0.7452059       
0.7120000       0.7448662       0.7470135       
0.7200000       0.7508387       0.7472360       
0.7280000       0.7507725       0.7459512       
0.7360000       0.7508726       0.7434216       
0.7440000       0.7484395       0.7400527       
0.7520000       0.7462142       0.7363364       
0.7600000       0.7388834       0.7327825       
0.7680000       0.7338124       0.7298524       
0.7760000       0.7287437       0.7278993       
0.7840000       0.7265249       0.7271270       
0.7920000       0.7222549       0.7275695       
0.8000000       0.7224031       0.7290954       
0.8080000       0.7212796       0.7314347       
0.8160000       0.7256308       0.7342228       
0.8240000       0.7264303       0.7370550       
0.8320000       0.7294571       0.7395432       
0.8400000       0.7347237       0.7413663       
0.8480000       0.7391458       0.7423086       
0.8560000       0.7410741       0.7422807       
0.8640000       0.7443485       0.7413236       
0.8720000       0.7451935       0.7395951       
0.8800000       0.7448985       0.7373427       
0.8880000       0.7435998       0.7348674       
0.8960000       0.7415527       0.7324834       
0.9040000       0.7378258       0.7304786       
0.9120000       0.7369843       0.7290798       
0.9200000       0.7329556       0.7284282       
0.9280000       0.7278309       0.7285661       
0.9360000       0.7280568       0.7294363       
0.9440000       0.7266641       0.7308954       
0.9520000       0.7258045       0.7327365       
0.9600000       0.7279310       0.7347189       
0.9680000       0.7304695       0.7365993       
0.9760000       0.7313787       0.7381606       
0.9840000       0.7342457       0.7392340       
0.9920000       0.7361673       0.7397137       
1.0000000       0.7395091       0.7395629       
1.0080000       0.7407981       0.7388141       
1.0160000       0.7410342       0.7375630       
1.0240000       0.7424898       0.7359586       
1.0320000       0.7435671       0.7341884       
1.0400000       0.7408676       0.7324590       
1.0480000       0.7404211       0.7309730       
1.0560000       0.7365550       0.7299027       
1.0640000       0.7331923       0.7293665       
1.0720000       0.7323142       0.7294102       
1.0800000       0.7303087       0.7299996       
1.0880000       0.7305756       0.7310270       
1.0960000       0.7289878       0.7323295       
1.1040000       0.7297781       0.7337184       
1.1120000       0.7291544       0.7350105       
1.1200000       0.7313597       0.7360567       
1.1280000       0.7357538       0.7367607       
1.1360000       0.7341613       0.7370857       
1.1440000       0.7354965       0.7370487       
1.1520000       0.7395895       0.7367069       
1.1600000       0.7396482       0.7361400       
1.1680000       0.7401378       0.7354346       
1.1760000       0.7403812       0.7346729       
1.1840000       0.7394380       0.7339279       
1.1920000       0.7400095       0.7332630       
1.2000000       0.7347651       0.7327343       
1.2080000       0.7363988       0.7323907       
1.2160000       0.7345206       0.7322722       
1.2240000       0.7343439       0.7324028       
1.2320000       0.7309537       0.7327825       
1.2400000       0.7322924       0.7333799       
1.2480000       0.7271123       0.7341289       
1.2560000       0.7329201       0.7349337       
1.2640000       0.7312825       0.7356816       
1.2720000       0.7325235       0.7362634       
1.2800000       0.7337311       0.7365951       
1.2880000       0.7334388       0.7366362       
1.2960000       0.7351293       0.7363997       
1.3040000       0.7370420       0.7359485       
1.3120000       0.7383158       0.7353800       
1.3200000       0.7354983       0.7348031       
1.3280000       0.7402270       0.7343118       
1.3360000       0.7394188       0.7339659       
1.3440000       0.7383420       0.7337821       
1.3520000       0.7369478       0.7337376       
1.3600000       0.7356907       0.7337851       
1.3680000       0.7319381       0.7338721       
1.3760000       0.7340856       0.7339587       
1.3840000       0.7347711       0.7340275       
1.3920000       0.7319853       0.7340840       
1.4000000       0.7330162       0.7341472       
1.4080000       0.7311222       0.7342358       
1.4160000       0.7336251       0.7343567       
1.4240000       0.7350466       0.7344980       
1.4320000       0.7332203       0.7346315       
1.4400000       0.7351255       0.7347225       
1.4480000       0.7356538       0.7347426       
1.4560000       0.7366924       0.7346814       
1.4640000       0.7367145       0.7345520       
1.4720000       0.7352062       0.7343889       
1.4800000       0.7387388       0.7342389       
1.4880000       0.7392449       0.7341478       
1.4960000       0.7344088       0.7341480       
1.5040000       0.7378874       0.7342507       
1.5120000       0.7351330       0.7344439       
1.5200000       0.7358029       0.7346983       
1.5280000       0.7348606       0.7349754       
1.5360000       0.7336361       0.7352382       
1.5440000       0.7351734       0.7354585       
1.5520000       0.7354037       0.7356209       
1.5600000       0.7316754       0.7357220       
1.5680000       0.7311566       0.7357669       
1.5760000       0.7356825       0.7357648       
1.5840000       0.7333677       0.7357241       
1.5920000       0.7351841       0.7356503       
1.6000000       0.7359852       0.7355450       
1.6080000       0.7346508       0.7354066       
1.6160000       0.7348463       0.7352322       
1.6240000       0.7345344       0.7350199       
1.6320000       0.7367139       0.7347713       
1.6400000       0.7369352       0.7344945       
1.6480000       0.7347513       0.7342057       
1.6560000       0.7396798       0.7339303       
1.6640000       0.7350608       0.7337004       
1.6720000       0.7367831       0.7335501       
1.6800000       0.7366846       0.7335082       
1.6880000       0.7351199       0.7335906       
1.6960000       0.7350220       0.7337943       
1.7040000       0.7318754       0.7340957       
1.7120000       0.7355699       0.7344547       
1.7200000       0.7339056       0.7348234       
1.7280000       0.7333352       0.7351569       
1.7360000       0.7323268       0.7354229       
1.7440000       0.7333831       0.7356076       
1.7520000       0.7325135       0.7357151       
1.7600000       0.7329111       0.7357622       
1.7680000       0.7357644       0.7357707       
1.7760000       0.7346712       0.7357598       
1.7840000       0.7362211       0.7357420       
1.7920000       0.7382238       0.7357231       
