0.0000000       1.0000000       1.0000000       
0.0080000       0.9633994       0.9707297       
0.0160000       0.8769080       0.8923946       
0.0240000       0.7721672       0.7898740       
0.0320000       0.6880414       0.6942437       
0.0400000       0.6368203       0.6316108       
0.0480000       0.6306899       0.6143828       
0.0560000       0.6642169       0.6382240       
0.0640000       0.7129811       0.6855158       
0.0720000       0.7596486       0.7334766       
0.0800000       0.7553481       0.7633486       
0.0880000       0.7579565       0.7669156       
0.0960000       0.7378821       0.7480300       
0.1040000       0.7065337       0.7191033       
0.1120000       0.6868031       0.6946024       
0.1200000       0.6859146       0.6846286       
0.1280000       0.6956660       0.6912716       
0.1360000       0.7143446       0.7089320       
0.1440000       0.7289270       0.7279510       
0.1520000       0.7383742       0.7395210       
0.1600000       0.7371401       0.7395367       
0.1680000       0.7249617       0.7298012       
0.1760000       0.7116827       0.7163828       
0.1840000       0.6971967       0.7062324       
0.1920000       0.6972933       0.7038271       
0.2000000       0.7031369       0.7093862       
0.2080000       0.7141518       0.7192942       
0.2160000       0.7211499       0.7282730       
0.2240000       0.7251757       0.7320818       
0.2320000       0.7273647       0.7294194       
0.2400000       0.7200635       0.7222234       
0.2480000       0.7163610       0.7144035       
0.2560000       0.7105784       0.7097780       
0.2640000       0.7128324       0.7102713       
0.2720000       0.7156440       0.7151938       
0.2800000       0.7176933       0.7218272       
0.2880000       0.7174345       0.7269006       
0.2960000       0.7220837       0.7281697       
0.3040000       0.7192660       0.7253493       
0.3120000       0.7105641       0.7200335       
0.3200000       0.7092764       0.7147527       
0.3280000       0.7058252       0.7117055       
0.3360000       0.7104050       0.7117918       
0.3440000       0.7139568       0.7143641       
0.3520000       0.7153527       0.7177285       
0.3600000       0.7210328       0.7200727       
0.3680000       0.7228444       0.7203363       
0.3760000       0.7165059       0.7186219       
0.3840000       0.7158739       0.7160083       
0.3920000       0.7131106       0.7139231       
0.4000000       0.7144265       0.7134216       
0.4080000       0.7151657       0.7147206       
0.4160000       0.7163758       0.7171795       
0.4240000       0.7152862       0.7196843       
0.4320000       0.7136465       0.7212121       
0.4400000       0.7174820       0.7212911       
0.4480000       0.7145307       0.7201516       
0.4560000       0.7120547       0.7185336       
0.4640000       0.7146830       0.7172769       
0.4720000       0.7130664       0.7169098       
0.4800000       0.7139703       0.7174292       
0.4880000       0.7187804       0.7183565       
0.4960000       0.7172315       0.7190171       
0.5040000       0.7218242       0.7188933       
0.5120000       0.7201262       0.7178768       
0.5200000       0.7177923       0.7163126       
0.5280000       0.7156443       0.7148252       
0.5360000       0.7152596       0.7140232       
0.5440000       0.7144513       0.7142224       
0.5520000       0.7151401       0.7153135       
0.5600000       0.7172570       0.7168254       
0.5680000       0.7236523       0.7181455       
0.5760000       0.7205851       0.7187915       
0.5840000       0.7177254       0.7186111       
0.5920000       0.7183212       0.7178266       
0.6000000       0.7159475       0.7169127       
0.6080000       0.7161254       0.7163709       
0.6160000       0.7140327       0.7165040       
0.6240000       0.7167852       0.7172905       
0.6320000       0.7195284       0.7184067       
0.6400000       0.7174946       0.7193805       
0.6480000       0.7140196       0.7197999       
0.6560000       0.7184558       0.7194861       
0.6640000       0.7167968       0.7185560       
0.6720000       0.7155434       0.7173567       
0.6800000       0.7174364       0.7163081       
0.6880000       0.7160024       0.7157286       
0.6960000       0.7191907       0.7157169       
0.7040000       0.7170793       0.7161376       
0.7120000       0.7184424       0.7167044       
0.7200000       0.7200595       0.7171194       
0.7280000       0.7144423       0.7172022       
0.7360000       0.7181935       0.7169573       
0.7440000       0.7170710       0.7165561       
0.7520000       0.7185419       0.7162499       
0.7600000       0.7168291       0.7162551       
0.7680000       0.7180269       0.7166600       
0.7760000       0.7177404       0.7173905       
0.7840000       0.7212633       0.7182430       
0.7920000       0.7179977       0.7189681       
0.8000000       0.7169055       0.7193686       
0.8080000       0.7170015       0.7193723       
0.8160000       0.7169152       0.7190529       
0.8240000       0.7154733       0.7185933       
0.8320000       0.7148534       0.7182085       
0.8400000       0.7154462       0.7180603       
0.8480000       0.7215717       0.7182000       
0.8560000       0.7179930       0.7185596       
0.8640000       0.7183841       0.7189937       
0.8720000       0.7154320       0.7193493       
0.8800000       0.7192235       0.7195322       
0.8880000       0.7177887       0.7195374       
0.8960000       0.7172796       0.7194338       
0.9040000       0.7181757       0.7193123       
0.9120000       0.7204071       0.7192296       
0.9200000       0.7178419       0.7191761       
0.9280000       0.7147441       0.7190877       
0.9360000       0.7186391       0.7188926       
0.9440000       0.7201384       0.7185646       
0.9520000       0.7150025       0.7181516       
0.9600000       0.7136023       0.7177586       
0.9680000       0.7184155       0.7174928       
0.9760000       0.7171941       0.7174022       
0.9840000       0.7200934       0.7174439       
0.9920000       0.7195414       0.7175039       
1.0000000       0.7203531       0.7174634       
1.0080000       0.7188326       0.7172749       
1.0160000       0.7176776       0.7170040       
1.0240000       0.7214198       0.7168089       
1.0320000       0.7160221       0.7168598       
1.0400000       0.7175650       0.7172391       
1.0480000       0.7189647       0.7178743       
1.0560000       0.7172162       0.7185462       
1.0640000       0.7191019       0.7189760       
1.0720000       0.7159906       0.7189545       
1.0800000       0.7139838       0.7184512       
1.0880000       0.7163021       0.7176474       
1.0960000       0.7204660       0.7168699       
1.1040000       0.7164550       0.7164527       
1.1120000       0.7156796       0.7165883       
1.1200000       0.7180215       0.7172373       
1.1280000       0.7178602       0.7181415       
1.1360000       0.7163801       0.7189350       
1.1440000       0.7180671       0.7193051       
1.1520000       0.7187611       0.7191291       
1.1600000       0.7176628       0.7185258       
1.1680000       0.7196513       0.7177986       
1.1760000       0.7186868       0.7172958       
1.1840000       0.7151868       0.7172528       
1.1920000       0.7167478       0.7176846       
1.2000000       0.7183149       0.7183787       
1.2080000       0.7176611       0.7189902       
1.2160000       0.7173013       0.7191972       
1.2240000       0.7160410       0.7188483       
1.2320000       0.7159286       0.7180368       
1.2400000       0.7196779       0.7170691       
1.2480000       0.7148574       0.7163399       
1.2560000       0.7205833       0.7161663       
1.2640000       0.7200232       0.7166525       
1.2720000       0.7174828       0.7176411       
1.2800000       0.7196855       0.7187731       
1.2880000       0.7226155       0.7196290       
1.2960000       0.7179687       0.7198945       
1.3040000       0.7176868       0.7194797       
1.3120000       0.7163425       0.7185451       
1.3200000       0.7143929       0.7174266       
1.3280000       0.7196338       0.7164947       
1.3360000       0.7151809       0.7160070       
1.3440000       0.7164912       0.7160171       
1.3520000       0.7167717       0.7163719       
1.3600000       0.7228058       0.7167939       
1.3680000       0.7182272       0.7170081       
1.3760000       0.7202060       0.7168586       
1.3840000       0.7199631       0.7163675       
1.3920000       0.7178351       0.7157159       
1.4000000       0.7173882       0.7151617       
1.4080000       0.7136582       0.7149300       
1.4160000       0.7161801       0.7151232       
1.4240000       0.7176750       0.7156844       
1.4320000       0.7197802       0.7164240       
1.4400000       0.7167272       0.7170961       
1.4480000       0.7176161       0.7174917       
1.4560000       0.7200519       0.7175145       
1.4640000       0.7184159       0.7172112       
1.4720000       0.7206383       0.7167471       
1.4800000       0.7181389       0.7163388       
1.4880000       0.7154130       0.7161693       
1.4960000       0.7178828       0.7163180       
1.5040000       0.7175481       0.7167327       
1.5120000       0.7173923       0.7172536       
1.5200000       0.7175406       0.7176815       
1.5280000       0.7193921       0.7178615       
1.5360000       0.7145428       0.7177484       
1.5440000       0.7163425       0.7174249       
1.5520000       0.7114974       0.7170634       
1.5600000       0.7152937       0.7168466       
1.5680000       0.7131288       0.7168826       
1.5760000       0.7173714       0.7171511       
1.5840000       0.7173557       0.7175101       
1.5920000       0.7169969       0.7177600       
1.6000000       0.7138441       0.7177398       
1.6080000       0.7210203       0.7174107       
1.6160000       0.7191943       0.7168874       
1.6240000       0.7185106       0.7163998       
1.6320000       0.7204092       0.7161986       
1.6400000       0.7149393       0.7164444       
1.6480000       0.7159459       0.7171292       
1.6560000       0.7170827       0.7180663       
1.6640000       0.7137047       0.7189551       
1.6720000       0.7144857       0.7194964       
1.6800000       0.7166618       0.7195101       
1.6880000       0.7207353       0.7190079       
1.6960000       0.7192527       0.7181915       
1.7040000       0.7209872       0.7173752       
1.7120000       0.7138428       0.7168669       
1.7200000       0.7175807       0.7168518       
1.7280000       0.7190211       0.7173246       
1.7360000       0.7188181       0.7180952       
1.7440000       0.7184107       0.7188618       
1.7520000       0.7192869       0.7193242       
1.7600000       0.7154393       0.7192906       
1.7680000       0.7133682       0.7187428       
1.7760000       0.7125905       0.7178369       
1.7840000       0.7095852       0.7168436       
1.7920000       0.7093998       0.7160545       
