0.0000000       1.0000000       1.0000000       
0.0080000       0.9834649       0.9918105       
0.0160000       0.9538083       0.9686379       
0.0240000       0.9201907       0.9343085       
0.0320000       0.8822777       0.8941140       
0.0400000       0.8481870       0.8535590       
0.0480000       0.8132871       0.8172096       
0.0560000       0.7839555       0.7879709       
0.0640000       0.7616891       0.7669397       
0.0720000       0.7437596       0.7537689       
0.0800000       0.7400480       0.7473127       
0.0880000       0.7453577       0.7462624       
0.0960000       0.7508909       0.7495415       
0.1040000       0.7618169       0.7563711       
0.1120000       0.7740794       0.7660724       
0.1200000       0.7825805       0.7777789       
0.1280000       0.7925356       0.7902506       
0.1360000       0.8038304       0.8019073       
0.1440000       0.8089351       0.8110882       
0.1520000       0.8180103       0.8164332       
0.1600000       0.8169892       0.8172305       
0.1680000       0.8136132       0.8135923       
0.1760000       0.8038751       0.8063985       
0.1840000       0.7929090       0.7970412       
0.1920000       0.7853083       0.7870736       
0.2000000       0.7791955       0.7778868       
0.2080000       0.7675549       0.7705068       
0.2160000       0.7637764       0.7655386       
0.2240000       0.7616231       0.7632244       
0.2320000       0.7656936       0.7635430       
0.2400000       0.7682877       0.7662883       
0.2480000       0.7723393       0.7710936       
0.2560000       0.7805490       0.7774155       
0.2640000       0.7893292       0.7845197       
0.2720000       0.7958461       0.7915155       
0.2800000       0.8016544       0.7974590       
0.2880000       0.8020325       0.8015115       
0.2960000       0.8050711       0.8031072       
0.3040000       0.8041076       0.8020752       
0.3120000       0.8020091       0.7986728       
0.3200000       0.7948998       0.7935211       
0.3280000       0.7888854       0.7874647       
0.3360000       0.7831689       0.7814008       
0.3440000       0.7775617       0.7761270       
0.3520000       0.7738282       0.7722395       
0.3600000       0.7710008       0.7700920       
0.3680000       0.7755305       0.7698033       
0.3760000       0.7744245       0.7712892       
0.3840000       0.7784695       0.7742978       
0.3920000       0.7824971       0.7784395       
0.4000000       0.7837192       0.7832139       
0.4080000       0.7876549       0.7880466       
0.4160000       0.7908173       0.7923440       
0.4240000       0.7970682       0.7955686       
0.4320000       0.7994498       0.7973202       
0.4400000       0.7995925       0.7974066       
0.4480000       0.7953653       0.7958803       
0.4560000       0.7929048       0.7930300       
0.4640000       0.7871839       0.7893276       
0.4720000       0.7836566       0.7853425       
0.4800000       0.7815397       0.7816453       
0.4880000       0.7761853       0.7787213       
0.4960000       0.7796934       0.7769099       
0.5040000       0.7761727       0.7763752       
0.5120000       0.7776495       0.7771055       
0.5200000       0.7788767       0.7789345       
0.5280000       0.7805514       0.7815752       
0.5360000       0.7818192       0.7846608       
0.5440000       0.7856004       0.7877887       
0.5520000       0.7899612       0.7905673       
0.5600000       0.7908731       0.7926610       
0.5680000       0.7921065       0.7938307       
0.5760000       0.7940062       0.7939623       
0.5840000       0.7940694       0.7930787       
0.5920000       0.7878428       0.7913317       
0.6000000       0.7867603       0.7889761       
0.6080000       0.7851311       0.7863313       
0.6160000       0.7842277       0.7837375       
0.6240000       0.7809911       0.7815152       
0.6320000       0.7780995       0.7799301       
0.6400000       0.7780919       0.7791669       
0.6480000       0.7801582       0.7793101       
0.6560000       0.7759632       0.7803323       
0.6640000       0.7808099       0.7820928       
0.6720000       0.7805829       0.7843489       
0.6800000       0.7852105       0.7867838       
0.6880000       0.7867377       0.7890508       
0.6960000       0.7868091       0.7908284       
0.7040000       0.7892278       0.7918752       
0.7120000       0.7888335       0.7920715       
0.7200000       0.7889912       0.7914358       
0.7280000       0.7879784       0.7901129       
0.7360000       0.7865414       0.7883354       
0.7440000       0.7862731       0.7863725       
0.7520000       0.7840694       0.7844785       
0.7600000       0.7817532       0.7828569       
0.7680000       0.7817130       0.7816442       
0.7760000       0.7814669       0.7809124       
0.7840000       0.7828531       0.7806830       
0.7920000       0.7789740       0.7809412       
0.8000000       0.7791956       0.7816442       
0.8080000       0.7785715       0.7827206       
0.8160000       0.7831861       0.7840670       
0.8240000       0.7828601       0.7855463       
0.8320000       0.7827163       0.7869966       
0.8400000       0.7854763       0.7882496       
0.8480000       0.7882847       0.7891578       
0.8560000       0.7873826       0.7896204       
0.8640000       0.7870559       0.7896020       
0.8720000       0.7855012       0.7891377       
0.8800000       0.7835340       0.7883240       
0.8880000       0.7844616       0.7872986       
0.8960000       0.7837660       0.7862157       
0.9040000       0.7823583       0.7852214       
0.9120000       0.7807988       0.7844347       
0.9200000       0.7829698       0.7839340       
0.9280000       0.7825877       0.7837502       
0.9360000       0.7863710       0.7838663       
0.9440000       0.7860349       0.7842230       
0.9520000       0.7867991       0.7847307       
0.9600000       0.7863827       0.7852867       
0.9680000       0.7877919       0.7857953       
0.9760000       0.7914218       0.7861857       
0.9840000       0.7876354       0.7864229       
0.9920000       0.7874502       0.7865081       
1.0000000       0.7888512       0.7864683       
1.0080000       0.7904022       0.7863406       
1.0160000       0.7899970       0.7861564       
1.0240000       0.7897552       0.7859326       
1.0320000       0.7897159       0.7856742       
1.0400000       0.7880193       0.7853846       
1.0480000       0.7871196       0.7850787       
1.0560000       0.7852494       0.7847917       
1.0640000       0.7866484       0.7845755       
1.0720000       0.7877984       0.7844845       
1.0800000       0.7881637       0.7845543       
1.0880000       0.7851923       0.7847828       
1.0960000       0.7863105       0.7851225       
1.1040000       0.7868848       0.7854888       
1.1120000       0.7878604       0.7857831       
1.1200000       0.7894273       0.7859217       
1.1280000       0.7878115       0.7858606       
1.1360000       0.7879776       0.7856070       
1.1440000       0.7884933       0.7852137       
1.1520000       0.7881478       0.7847590       
1.1600000       0.7885288       0.7843215       
1.1680000       0.7875331       0.7839596       
1.1760000       0.7873209       0.7837028       
1.1840000       0.7867192       0.7835569       
1.1920000       0.7861951       0.7835173       
1.2000000       0.7858692       0.7835831       
1.2080000       0.7853518       0.7837634       
1.2160000       0.7848103       0.7840734       
1.2240000       0.7855158       0.7845204       
1.2320000       0.7858637       0.7850886       
1.2400000       0.7860088       0.7857306       
1.2480000       0.7885805       0.7863707       
1.2560000       0.7863790       0.7869212       
1.2640000       0.7880475       0.7873060       
1.2720000       0.7872746       0.7874818       
1.2800000       0.7870401       0.7874490       
1.2880000       0.7876900       0.7872478       
1.2960000       0.7868846       0.7869419       
1.3040000       0.7871458       0.7865963       
1.3120000       0.7861658       0.7862594       
1.3200000       0.7840302       0.7859562       
1.3280000       0.7879197       0.7856933       
1.3360000       0.7869186       0.7854725       
1.3440000       0.7853754       0.7853035       
1.3520000       0.7847818       0.7852085       
1.3600000       0.7885512       0.7852157       
1.3680000       0.7869861       0.7853433       
1.3760000       0.7867696       0.7855830       
1.3840000       0.7866199       0.7858928       
1.3920000       0.7849615       0.7862040       
1.4000000       0.7867327       0.7864421       
1.4080000       0.7865651       0.7865533       
1.4160000       0.7881657       0.7865263       
1.4240000       0.7884700       0.7863965       
1.4320000       0.7897545       0.7862323       
1.4400000       0.7883707       0.7861054       
1.4480000       0.7898080       0.7860591       
1.4560000       0.7873936       0.7860879       
1.4640000       0.7893421       0.7861384       
1.4720000       0.7881663       0.7861311       
1.4800000       0.7920070       0.7859963       
1.4880000       0.7881349       0.7857067       
1.4960000       0.7861365       0.7852947       
1.5040000       0.7864818       0.7848451       
1.5120000       0.7867683       0.7844655       
1.5200000       0.7862918       0.7842473       
1.5280000       0.7882478       0.7842325       
1.5360000       0.7879692       0.7843990       
1.5440000       0.7882256       0.7846702       
1.5520000       0.7866875       0.7849448       
1.5600000       0.7862721       0.7851326       
1.5680000       0.7823156       0.7851838       
1.5760000       0.7848525       0.7851008       
1.5840000       0.7854403       0.7849289       
1.5920000       0.7784910       0.7847340       
1.6000000       0.7806773       0.7845757       
1.6080000       0.7807873       0.7844883       
1.6160000       0.7837962       0.7844745       
1.6240000       0.7773941       0.7845131       
1.6320000       0.7865348       0.7845748       
1.6400000       0.7808231       0.7846369       
1.6480000       0.7828735       0.7846928       
1.6560000       0.7828740       0.7847513       
1.6640000       0.7842847       0.7848290       
1.6720000       0.7824578       0.7849406       
1.6800000       0.7832752       0.7850900       
1.6880000       0.7863844       0.7852676       
1.6960000       0.7862810       0.7854533       
1.7040000       0.7883671       0.7856225       
1.7120000       0.7847819       0.7857529       
1.7200000       0.7851058       0.7858304       
1.7280000       0.7831551       0.7858504       
1.7360000       0.7836937       0.7858184       
1.7440000       0.7810003       0.7857475       
1.7520000       0.7820851       0.7856560       
1.7600000       0.7834899       0.7855649       
1.7680000       0.7813564       0.7854952       
1.7760000       0.7802512       0.7854654       
1.7840000       0.7815232       0.7854890       
1.7920000       0.7829368       0.7855718       
