0.0000000       1.0000000       1.0000000       
0.0080000       0.9957149       0.9970989       
0.0160000       0.9878642       0.9890538       
0.0240000       0.9752502       0.9776332       
0.0320000       0.9613110       0.9651724       
0.0400000       0.9541586       0.9538898       
0.0480000       0.9471660       0.9453022       
0.0560000       0.9404196       0.9399298       
0.0640000       0.9384194       0.9373597       
0.0720000       0.9354892       0.9366019       
0.0800000       0.9384884       0.9365680       
0.0880000       0.9330307       0.9364807       
0.0960000       0.9342000       0.9360709       
0.1040000       0.9302873       0.9355263       
0.1120000       0.9311724       0.9352551       
0.1200000       0.9337927       0.9356002       
0.1280000       0.9364355       0.9366336       
0.1360000       0.9353909       0.9381108       
0.1440000       0.9364891       0.9395825       
0.1520000       0.9377713       0.9405925       
0.1600000       0.9381182       0.9408616       
0.1680000       0.9372831       0.9403787       
0.1760000       0.9385965       0.9393702       
0.1840000       0.9354483       0.9381778       
0.1920000       0.9356151       0.9371118       
0.2000000       0.9361298       0.9363464       
0.2080000       0.9352024       0.9358964       
0.2160000       0.9374333       0.9356702       
0.2240000       0.9394325       0.9355592       
0.2320000       0.9377032       0.9355143       
0.2400000       0.9386758       0.9355704       
0.2480000       0.9369609       0.9358142       
0.2560000       0.9370429       0.9363183       
0.2640000       0.9398770       0.9370784       
0.2720000       0.9360000       0.9379880       
0.2800000       0.9365092       0.9388636       
0.2880000       0.9359774       0.9395067       
0.2960000       0.9361936       0.9397754       
0.3040000       0.9405579       0.9396319       
0.3120000       0.9369384       0.9391493       
0.3200000       0.9374460       0.9384762       
0.3280000       0.9357243       0.9377792       
0.3360000       0.9397934       0.9371879       
0.3440000       0.9340693       0.9367643       
0.3520000       0.9409557       0.9365045       
0.3600000       0.9352521       0.9363665       
0.3680000       0.9388590       0.9363064       
0.3760000       0.9357197       0.9363062       
0.3840000       0.9411261       0.9363796       
0.3920000       0.9373277       0.9365581       
0.4000000       0.9408468       0.9368640       
0.4080000       0.9393553       0.9372862       
0.4160000       0.9378895       0.9377696       
0.4240000       0.9367137       0.9382246       
0.4320000       0.9409611       0.9385528       
0.4400000       0.9374286       0.9386775       
0.4480000       0.9406974       0.9385697       
0.4560000       0.9397271       0.9382572       
0.4640000       0.9383620       0.9378158       
0.4720000       0.9385928       0.9373456       
0.4800000       0.9394542       0.9369421       
0.4880000       0.9364453       0.9366713       
0.4960000       0.9404976       0.9365586       
0.5040000       0.9386824       0.9365912       
0.5120000       0.9342579       0.9367325       
0.5200000       0.9381646       0.9369402       
0.5280000       0.9403186       0.9371804       
0.5360000       0.9367995       0.9374328       
0.5440000       0.9376698       0.9376861       
0.5520000       0.9372585       0.9379285       
0.5600000       0.9360032       0.9381397       
0.5680000       0.9353109       0.9382889       
0.5760000       0.9393631       0.9383424       
0.5840000       0.9356633       0.9382766       
0.5920000       0.9390934       0.9380907       
0.6000000       0.9354643       0.9378128       
0.6080000       0.9390723       0.9374953       
0.6160000       0.9369985       0.9372011       
0.6240000       0.9380806       0.9369847       
0.6320000       0.9335302       0.9368776       
0.6400000       0.9390104       0.9368818       
0.6480000       0.9396122       0.9369752       
0.6560000       0.9389445       0.9371244       
0.6640000       0.9357178       0.9372989       
0.6720000       0.9400731       0.9374810       
0.6800000       0.9390059       0.9376657       
0.6880000       0.9370805       0.9378530       
0.6960000       0.9353218       0.9380377       
0.7040000       0.9394959       0.9382016       
0.7120000       0.9340881       0.9383148       
0.7200000       0.9372187       0.9383448       
0.7280000       0.9385934       0.9382706       
0.7360000       0.9346602       0.9380942       
0.7440000       0.9383252       0.9378443       
0.7520000       0.9335835       0.9375694       
0.7600000       0.9387759       0.9373231       
0.7680000       0.9354107       0.9371475       
0.7760000       0.9389160       0.9370613       
0.7840000       0.9360372       0.9370587       
0.7920000       0.9358073       0.9371167       
0.8000000       0.9372941       0.9372086       
0.8080000       0.9362107       0.9373158       
0.8160000       0.9349430       0.9374329       
0.8240000       0.9372015       0.9375635       
0.8320000       0.9336280       0.9377108       
0.8400000       0.9365298       0.9378662       
0.8480000       0.9363717       0.9380051       
0.8560000       0.9369269       0.9380905       
0.8640000       0.9362332       0.9380855       
0.8720000       0.9376951       0.9379687       
0.8800000       0.9357140       0.9377459       
0.8880000       0.9384030       0.9374529       
0.8960000       0.9389992       0.9371470       
0.9040000       0.9372597       0.9368912       
0.9120000       0.9389915       0.9367352       
0.9200000       0.9358507       0.9367021       
0.9280000       0.9366130       0.9367841       
0.9360000       0.9363132       0.9369485       
0.9440000       0.9373410       0.9371509       
0.9520000       0.9368154       0.9373500       
0.9600000       0.9393789       0.9375184       
0.9680000       0.9379451       0.9376476       
0.9760000       0.9362122       0.9377443       
0.9840000       0.9378676       0.9378236       
0.9920000       0.9376259       0.9378996       
1.0000000       0.9361700       0.9379795       
1.0080000       0.9376457       0.9380605       
1.0160000       0.9403243       0.9381309       
1.0240000       0.9350258       0.9381739       
1.0320000       0.9364001       0.9381725       
1.0400000       0.9393974       0.9381150       
1.0480000       0.9401681       0.9379995       
1.0560000       0.9360425       0.9378369       
1.0640000       0.9378765       0.9376523       
1.0720000       0.9381213       0.9374816       
1.0800000       0.9361299       0.9373650       
1.0880000       0.9382693       0.9373361       
1.0960000       0.9390637       0.9374111       
1.1040000       0.9379314       0.9375799       
1.1120000       0.9429483       0.9378053       
1.1200000       0.9352255       0.9380300       
1.1280000       0.9405334       0.9381925       
1.1360000       0.9369011       0.9382458       
1.1440000       0.9360117       0.9381725       
1.1520000       0.9359967       0.9379913       
1.1600000       0.9384683       0.9377504       
1.1680000       0.9395605       0.9375103       
1.1760000       0.9381576       0.9373228       
1.1840000       0.9366475       0.9372129       
1.1920000       0.9358627       0.9371722       
1.2000000       0.9395218       0.9371656       
1.2080000       0.9369298       0.9371485       
1.2160000       0.9379987       0.9370875       
1.2240000       0.9367349       0.9369762       
1.2320000       0.9398555       0.9368386       
1.2400000       0.9381721       0.9367194       
1.2480000       0.9372126       0.9366656       
1.2560000       0.9364542       0.9367062       
1.2640000       0.9387652       0.9368397       
1.2720000       0.9373981       0.9370327       
1.2800000       0.9383740       0.9372312       
1.2880000       0.9395977       0.9373799       
1.2960000       0.9361974       0.9374397       
1.3040000       0.9401138       0.9374002       
1.3120000       0.9382882       0.9372799       
1.3200000       0.9385747       0.9371178       
1.3280000       0.9385888       0.9369590       
1.3360000       0.9401456       0.9368403       
1.3440000       0.9375715       0.9367821       
1.3520000       0.9382721       0.9367860       
1.3600000       0.9393516       0.9368390       
1.3680000       0.9383717       0.9369208       
1.3760000       0.9399075       0.9370103       
1.3840000       0.9346186       0.9370901       
1.3920000       0.9396953       0.9371481       
1.4000000       0.9380185       0.9371768       
1.4080000       0.9360396       0.9371732       
1.4160000       0.9397399       0.9371384       
1.4240000       0.9356160       0.9370786       
1.4320000       0.9360678       0.9370056       
1.4400000       0.9381304       0.9369359       
1.4480000       0.9371128       0.9368878       
1.4560000       0.9387356       0.9368771       
1.4640000       0.9406532       0.9369120       
1.4720000       0.9372290       0.9369896       
1.4800000       0.9386865       0.9370948       
1.4880000       0.9393369       0.9372029       
1.4960000       0.9389677       0.9372854       
1.5040000       0.9362620       0.9373174       
1.5120000       0.9350394       0.9372862       
1.5200000       0.9385711       0.9371960       
1.5280000       0.9380450       0.9370693       
1.5360000       0.9394286       0.9369426       
1.5440000       0.9368294       0.9368571       
1.5520000       0.9398829       0.9368468       
1.5600000       0.9386870       0.9369273       
1.5680000       0.9350104       0.9370892       
1.5760000       0.9384945       0.9372991       
1.5840000       0.9383550       0.9375080       
1.5920000       0.9373396       0.9376665       
1.6000000       0.9365668       0.9377398       
1.6080000       0.9364056       0.9377203       
1.6160000       0.9365917       0.9376302       
1.6240000       0.9362469       0.9375153       
1.6320000       0.9380979       0.9374295       
1.6400000       0.9351489       0.9374176       
1.6480000       0.9374618       0.9375001       
1.6560000       0.9379605       0.9376658       
1.6640000       0.9351899       0.9378756       
1.6720000       0.9345113       0.9380741       
1.6800000       0.9370130       0.9382063       
1.6880000       0.9374668       0.9382332       
1.6960000       0.9360504       0.9381424       
1.7040000       0.9377025       0.9379503       
1.7120000       0.9380187       0.9376966       
1.7200000       0.9377835       0.9374334       
1.7280000       0.9366351       0.9372118       
1.7360000       0.9387340       0.9370698       
1.7440000       0.9370077       0.9370244       
1.7520000       0.9413413       0.9370687       
1.7600000       0.9358730       0.9371756       
1.7680000       0.9391830       0.9373059       
1.7760000       0.9376723       0.9374195       
1.7840000       0.9364371       0.9374868       
1.7920000       0.9357577       0.9374968       
