1               98277.978576    
2               77672.678271    
3               59299.814973    
4               58982.529561    
5               59394.411265    
6               60124.086821    
7               59351.091451    
8               58941.572228    
9               58582.501894    
10              52993.028170    
11              52391.796172    
12              53218.751513    
13              48732.867961    
14              50063.407300    
15              46727.485785    
16              45313.598063    
17              46256.949658    
18              46036.440497    
19              46122.980310    
20              43966.132647    
21              44790.894861    
22              43548.386442    
23              40808.429364    
24              41354.105758    
25              34568.650784    
26              33221.783862    
27              35550.747456    
28              38563.084705    
29              36654.152989    
30              36444.206607    
31              36944.345542    
32              36789.526912    
33              36188.561710    
34              36569.731537    
35              35457.785547    
36              36554.964775    
37              36353.101561    
38              36138.171150    
39              34909.855380    
40              35809.010217    
41              36001.721446    
42              28270.175125    
43              26899.765926    
44              27732.790991    
45              27856.692992    
46              27600.054937    
47              27157.339172    
48              27094.959883    
49              27447.889348    
50              23296.006130    
51              23397.913783    
52              23878.313299    
53              21926.112805    
54              20966.390216    
55              19231.958012    
56              19630.447941    
57              12874.206458    
58              12734.264351    
59              12529.698216    
60              12588.978369    
61              12672.846747    
62              12379.511757    
63              12593.452738    
64              12384.910931    
65              12145.115336    
66              12557.577181    
67              12324.256425    
68              11643.696668    
69              12098.608106    
70              12774.222025    
71              12434.124526    
72              12378.952343    
73              12067.100420    
74              12271.769942    
75              12689.214263    
76              12299.911451    
77              12444.931359    
78              11944.864512    
79              12363.085600    
80              12315.068542    
81              12101.746249    
82              12323.834921    
83              12656.607438    
84              12443.795083    
85              12146.160284    
86              12105.835078    
87              12312.045386    
88              11833.650214    
89              12253.805495    
90              12089.441166    
91              11521.311127    
92              12335.182661    
93              12406.383773    
94              12580.846110    
95              11986.899577    
96              10992.114641    
97              12582.101469    
98              12052.606969    
99              12402.596544    
100             12351.581425    
101             11083.976944    
102             12339.258374    
103             12238.248004    
104             11960.572334    
105             12674.777178    
106             12235.583648    
107             12080.073474    
108             11912.165193    
109             11550.366834    
110             12224.755025    
111             12042.958724    
112             12188.823747    
113             12042.430299    
114             11697.988132    
115             12389.595285    
116             12146.046033    
117             12133.279002    
118             11852.164940    
119             11972.075374    
120             12190.427436    
121             11640.958706    
122             12259.459018    
123             11788.276610    
124             12053.931231    
125             12132.989562    
126             11805.473382    
127             11837.240790    
128             12233.752406    
129             12250.924257    
130             12291.788844    
131             12280.462723    
132             12041.791454    
133             12615.711563    
134             12118.431026    
135             11964.159332    
136             12019.298975    
137             12136.203273    
138             11891.110809    
139             11989.682634    
140             11541.565174    
141             12154.016056    
142             12171.296678    
143             12125.093705    
144             12465.001736    
145             12054.650726    
146             12404.002197    
147             11625.659129    
148             11981.138263    
149             11753.636359    
150             12029.623873    
151             12142.314660    
152             12147.918483    
153             11756.662663    
154             8981.978969     
155             9621.199628     
156             11876.605457    
157             12185.180290    
158             12244.765828    
159             12494.271162    
160             12328.124105    
161             11780.799542    
162             11814.209805    
163             12232.155978    
164             12027.615742    
165             12064.381500    
166             11584.892695    
167             11925.598131    
168             11813.969771    
169             11480.319002    
170             11857.991252    
171             12018.652003    
172             11947.506752    
173             11633.479560    
174             11812.405624    
175             11849.764890    
176             12019.671897    
177             11900.851078    
178             11775.490382    
179             11967.679678    
180             11671.274023    
181             11860.486311    
182             12170.413385    
183             11788.869037    
184             12211.530599    
185             11499.679058    
186             12064.242297    
187             12479.113431    
188             12353.873514    
189             11970.928288    
190             11700.609935    
191             12290.745618    
192             12047.331262    
193             12290.892461    
194             12372.012314    
195             11665.592656    
196             11130.979343    
197             11910.611186    
198             11901.488958    
199             11697.423477    
200             11946.366747    
201             12425.772472    
202             12364.823330    
203             11767.132125    
204             12303.657473    
205             12075.795324    
206             11635.458404    
207             12273.908726    
208             12103.236963    
209             11733.329774    
210             12387.737490    
211             12177.100066    
212             12231.203050    
213             9255.039687     
214             9029.567527     
215             9329.781251     
216             8680.227168     
217             8937.125838     
218             8393.267603     
219             8587.032435     
220             8690.766646     
221             8377.263724     
222             8386.415570     
223             8293.557444     
224             8380.686533     
225             8466.095112     
226             8280.400463     
227             8185.165422     
228             8645.775149     
229             8605.604211     
230             8288.402341     
231             8704.478122     
232             8671.883550     
233             8162.107416     
234             8175.726512     
235             8064.614598     
236             8763.938254     
237             8589.774896     
238             8493.426644     
239             8151.120998     
240             8402.195510     
241             8454.091934     
242             8104.659787     
243             8410.898786     
244             8141.457938     
245             8328.259178     
246             8540.787656     
247             8277.179012     
248             8442.327146     
249             8339.225849     
250             8433.878584     
251             8474.151626     
252             9185.192001     
253             8252.388981     
254             8954.780826     
255             8108.045404     
256             8077.585881     
257             8466.375363     
258             8528.987550     
259             8402.471713     
260             8242.974743     
261             8330.438479     
262             8251.623205     
263             8046.117342     
264             8301.030511     
265             8354.341890     
266             8577.586163     
267             8670.872127     
268             8394.930695     
269             8312.278743     
270             8685.046092     
271             8553.200437     
272             8391.567381     
273             8396.179672     
274             8441.799977     
275             8629.908309     
276             8062.411000     
277             7975.143579     
278             8233.677945     
279             8120.124704     
280             8245.814200     
281             8317.025882     
282             8356.877064     
283             8260.985541     
284             8310.104130     
285             8268.690263     
286             8151.668889     
287             8364.017973     
288             8142.726781     
289             8751.462238     
290             8596.220023     
291             8670.016941     
292             8316.741938     
293             8162.064861     
294             8471.125813     
295             8407.752780     
296             8589.640009     
297             8512.651644     
298             8149.924358     
299             8556.790442     
300             8221.852437     
301             8667.844821     
302             8017.886868     
303             8256.423437     
304             8195.009941     
305             8467.048453     
306             8417.313974     
307             8158.555717     
308             8527.971146     
309             8373.417741     
310             8013.774657     
311             8450.332166     
312             8051.673415     
313             8662.624561     
314             8427.011931     
315             8657.652103     
316             8643.200466     
317             8030.280498     
318             8262.478893     
319             8140.978148     
320             8293.843214     
321             8028.980630     
322             8241.466208     
323             8120.966969     
324             7815.472317     
325             8148.261102     
326             8331.659768     
327             8179.771482     
328             8156.747934     
329             8449.864305     
330             7952.416786     
331             8583.352362     
332             7951.971093     
333             8103.649817     
334             8364.766300     
335             7950.384759     
336             8249.170132     
337             8443.889414     
338             8237.478719     
339             8125.148682     
340             8431.023728     
341             8290.708855     
342             8348.717401     
343             8487.169860     
344             8274.119649     
345             8073.095508     
346             8019.672941     
347             8024.415792     
348             7917.614728     
349             8215.861203     
350             8405.560433     
351             8353.633478     
352             8569.183912     
353             8408.578976     
354             8223.018786     
355             8134.724849     
356             8491.669320     
357             8651.319236     
358             7923.881243     
359             8219.915179     
360             8208.929870     
361             8439.876780     
362             7992.495468     
363             8602.949845     
364             8264.124062     
365             7677.358736     
366             8196.656820     
367             8356.414730     
368             8079.333258     
369             8068.293571     
370             8440.698259     
371             8046.616990     
372             8417.979036     
373             7982.463330     
374             8203.004016     
375             8324.977859     
376             8238.952830     
377             8029.507728     
378             8203.502459     
379             8264.330215     
380             8101.834120     
381             7596.709967     
382             8296.202014     
383             8197.771079     
384             8169.969302     
385             7850.962660     
386             8355.088767     
387             8796.260889     
388             8259.500152     
389             8247.372952     
390             8331.674764     
391             8266.694699     
392             8406.329721     
393             7941.224301     
394             7983.834674     
395             7953.043349     
396             8121.293349     
397             7826.841948     
398             8359.727160     
399             8456.322934     
400             8205.747499     
401             8283.515182     
402             8444.884749     
403             8391.509398     
404             8383.128830     
405             8130.160670     
406             8374.022113     
407             7718.856508     
408             8440.924052     
409             8170.774126     
410             8581.619538     
411             8994.465535     
412             8539.408804     
413             8442.356263     
414             8387.178803     
415             8472.349905     
416             8750.447408     
417             8735.943044     
418             8484.896716     
419             8407.178734     
420             8416.456979     
421             8544.912965     
422             8252.954172     
423             8323.306441     
424             8274.771222     
425             8065.519179     
426             8371.091517     
427             8374.276145     
428             8267.502776     
429             8376.475779     
430             8311.256812     
431             8303.023992     
432             8214.548245     
433             8229.515641     
434             8928.522508     
435             8016.277268     
436             8305.723290     
437             8757.303730     
438             8052.483575     
439             8176.751241     
440             8061.587527     
441             8581.699332     
442             8354.849456     
443             8646.896000     
444             8219.391113     
445             8486.629111     
446             8456.446943     
447             8173.071739     
448             8299.149737     
449             8186.288906     
450             8237.460000     
451             8334.341368     
452             7922.804572     
453             8062.501312     
454             8648.828739     
455             8553.525903     
456             8682.250753     
457             7990.308053     
458             8430.754377     
459             8761.889949     
460             8173.484655     
461             8415.741675     
462             8261.555804     
463             8404.818278     
464             8390.103247     
465             8157.801581     
466             8239.678411     
467             8428.752929     
468             8105.468361     
469             8422.590574     
470             8594.756899     
471             8441.002492     
472             8227.378980     
473             8445.566334     
474             8267.791588     
475             8205.704982     
476             8442.138165     
477             7901.010626     
478             8761.584162     
479             8767.332697     
480             8066.115941     
481             7937.090128     
482             8135.189459     
483             8627.989432     
484             8479.717490     
485             8422.710866     
486             8414.741399     
487             8145.528925     
488             8690.617378     
489             8079.910193     
490             8624.445113     
491             8393.558551     
492             8435.642171     
493             8597.604277     
494             8735.485503     
495             8517.399374     
496             8311.390161     
497             8205.480223     
498             8701.005632     
499             8276.783889     
500             8651.437292     
