0.0000000       1.0000000       1.0000000       
0.0080000       0.9867846       0.9929183       
0.0160000       0.9688203       0.9724096       
0.0240000       0.9273091       0.9405950       
0.0320000       0.8849320       0.9007297       
0.0400000       0.8395531       0.8568232       
0.0480000       0.7941399       0.8131825       
0.0560000       0.7558951       0.7739351       
0.0640000       0.7246738       0.7425917       
0.0720000       0.7094386       0.7216943       
0.0800000       0.6996811       0.7125869       
0.0880000       0.7101012       0.7153248       
0.0960000       0.7265276       0.7287253       
0.1040000       0.7516487       0.7505470       
0.1120000       0.7841398       0.7777745       
0.1200000       0.8171155       0.8069737       
0.1280000       0.8457640       0.8346818       
0.1360000       0.8694535       0.8577884       
0.1440000       0.8846953       0.8738671       
0.1520000       0.8915555       0.8814222       
0.1600000       0.8868209       0.8800229       
0.1680000       0.8756249       0.8703095       
0.1760000       0.8560008       0.8538739       
0.1840000       0.8350255       0.8330306       
0.1920000       0.8052498       0.8105092       
0.2000000       0.7845480       0.7891090       
0.2080000       0.7655222       0.7713600       
0.2160000       0.7539523       0.7592314       
0.2240000       0.7500176       0.7539223       
0.2320000       0.7526482       0.7557545       
0.2400000       0.7630616       0.7641759       
0.2480000       0.7775524       0.7778674       
0.2560000       0.7948692       0.7949354       
0.2640000       0.8151394       0.8131629       
0.2720000       0.8360117       0.8302877       
0.2800000       0.8488343       0.8442750       
0.2880000       0.8614840       0.8535515       
0.2960000       0.8641974       0.8571782       
0.3040000       0.8616293       0.8549401       
0.3120000       0.8530478       0.8473469       
0.3200000       0.8383760       0.8355453       
0.3280000       0.8231289       0.8211560       
0.3360000       0.8066811       0.8060564       
0.3440000       0.7931392       0.7921393       
0.3520000       0.7808786       0.7810764       
0.3600000       0.7711624       0.7741184       
0.3680000       0.7711298       0.7719555       
0.3760000       0.7723475       0.7746539       
0.3840000       0.7827588       0.7816737       
0.3920000       0.7893658       0.7919629       
0.4000000       0.8023198       0.8041108       
0.4080000       0.8185581       0.8165394       
0.4160000       0.8282834       0.8277066       
0.4240000       0.8380167       0.8362949       
0.4320000       0.8429353       0.8413628       
0.4400000       0.8479965       0.8424426       
0.4480000       0.8424818       0.8395758       
0.4560000       0.8384719       0.8332841       
0.4640000       0.8321903       0.8244834       
0.4720000       0.8195189       0.8143542       
0.4800000       0.8111263       0.8041853       
0.4880000       0.7950684       0.7952115       
0.4960000       0.7881066       0.7884653       
0.5040000       0.7823112       0.7846592       
0.5120000       0.7827594       0.7841124       
0.5200000       0.7828498       0.7867296       
0.5280000       0.7897722       0.7920307       
0.5360000       0.7937387       0.7992279       
0.5440000       0.8061837       0.8073371       
0.5520000       0.8136009       0.8153094       
0.5600000       0.8226569       0.8221645       
0.5680000       0.8274427       0.8271098       
0.5760000       0.8332006       0.8296304       
0.5840000       0.8352204       0.8295397       
0.5920000       0.8332254       0.8269872       
0.6000000       0.8296613       0.8224224       
0.6080000       0.8249193       0.8165232       
0.6160000       0.8164936       0.8100995       
0.6240000       0.8100316       0.8039845       
0.6320000       0.8006827       0.7989296       
0.6400000       0.7952957       0.7955147       
0.6480000       0.7924583       0.7940854       
0.6560000       0.7931737       0.7947233       
0.6640000       0.7943288       0.7972496       
0.6720000       0.7947294       0.8012620       
0.6800000       0.7997746       0.8061961       
0.6880000       0.8075384       0.8114027       
0.6960000       0.8128531       0.8162314       
0.7040000       0.8180748       0.8201095       
0.7120000       0.8214870       0.8226069       
0.7200000       0.8243706       0.8234812       
0.7280000       0.8297365       0.8226973       
0.7360000       0.8282400       0.8204224       
0.7440000       0.8185226       0.8169969       
0.7520000       0.8225758       0.8128849       
0.7600000       0.8194373       0.8086133       
0.7680000       0.8108464       0.8047045       
0.7760000       0.8088781       0.8016128       
0.7840000       0.8009173       0.7996715       
0.7920000       0.7974381       0.7990570       
0.8000000       0.7991521       0.7997742       
0.8080000       0.8000969       0.8016644       
0.8160000       0.7972364       0.8044333       
0.8240000       0.8023128       0.8076955       
0.8320000       0.8062734       0.8110282       
0.8400000       0.8100263       0.8140269       
0.8480000       0.8105022       0.8163551       
0.8560000       0.8214756       0.8177821       
0.8640000       0.8197258       0.8182046       
0.8720000       0.8211755       0.8176501       
0.8800000       0.8220303       0.8162628       
0.8880000       0.8196521       0.8142769       
0.8960000       0.8182106       0.8119794       
0.9040000       0.8157280       0.8096711       
0.9120000       0.8098576       0.8076287       
0.9200000       0.8097461       0.8060738       
0.9280000       0.8032641       0.8051524       
0.9360000       0.8039491       0.8049241       
0.9440000       0.8030018       0.8053636       
0.9520000       0.8031276       0.8063706       
0.9600000       0.8020647       0.8077881       
0.9680000       0.7997053       0.8094239       
0.9760000       0.8102711       0.8110755       
0.9840000       0.8076747       0.8125533       
0.9920000       0.8123012       0.8137011       
1.0000000       0.8121209       0.8144116       
1.0080000       0.8188371       0.8146357       
1.0160000       0.8186934       0.8143844       
1.0240000       0.8138395       0.8137230       
1.0320000       0.8138702       0.8127592       
1.0400000       0.8162087       0.8116268       
1.0480000       0.8171052       0.8104667       
1.0560000       0.8126430       0.8094084       
1.0640000       0.8116860       0.8085554       
1.0720000       0.8067251       0.8079748       
1.0800000       0.8071263       0.8076935       
1.0880000       0.8038875       0.8076993       
1.0960000       0.8071014       0.8079476       
1.1040000       0.8042520       0.8083704       
1.1120000       0.8045449       0.8088874       
1.1200000       0.8059635       0.8094167       
1.1280000       0.8051638       0.8098848       
1.1360000       0.8107850       0.8102352       
1.1440000       0.8092818       0.8104337       
1.1520000       0.8134777       0.8104720       
1.1600000       0.8158613       0.8103676       
1.1680000       0.8129450       0.8101591       
1.1760000       0.8164954       0.8099003       
1.1840000       0.8123925       0.8096498       
1.1920000       0.8160455       0.8094615       
1.2000000       0.8114804       0.8093751       
1.2080000       0.8124941       0.8094103       
1.2160000       0.8121407       0.8095652       
1.2240000       0.8106382       0.8098183       
1.2320000       0.8080152       0.8101344       
1.2400000       0.8075541       0.8104721       
1.2480000       0.8046429       0.8107908       
1.2560000       0.8044970       0.8110559       
1.2640000       0.8047647       0.8112416       
1.2720000       0.8083206       0.8113316       
1.2800000       0.8085363       0.8113188       
1.2880000       0.8111450       0.8112045       
1.2960000       0.8097932       0.8109986       
1.3040000       0.8129561       0.8107200       
1.3120000       0.8110830       0.8103969       
1.3200000       0.8137266       0.8100649       
1.3280000       0.8122741       0.8097638       
1.3360000       0.8113784       0.8095318       
1.3440000       0.8154305       0.8093987       
1.3520000       0.8131434       0.8093797       
1.3600000       0.8094598       0.8094723       
1.3680000       0.8131831       0.8096565       
1.3760000       0.8094896       0.8098993       
1.3840000       0.8073753       0.8101621       
1.3920000       0.8077375       0.8104089       
1.4000000       0.8089239       0.8106127       
1.4080000       0.8084895       0.8107595       
1.4160000       0.8086963       0.8108476       
1.4240000       0.8120719       0.8108851       
1.4320000       0.8098049       0.8108847       
1.4400000       0.8096100       0.8108597       
1.4480000       0.8100134       0.8108206       
1.4560000       0.8141398       0.8107749       
1.4640000       0.8125272       0.8107270       
1.4720000       0.8118360       0.8106795       
1.4800000       0.8134601       0.8106337       
1.4880000       0.8128021       0.8105891       
1.4960000       0.8107927       0.8105427       
1.5040000       0.8115545       0.8104882       
1.5120000       0.8114506       0.8104162       
1.5200000       0.8110210       0.8103169       
1.5280000       0.8082194       0.8101831       
1.5360000       0.8080250       0.8100150       
1.5440000       0.8086537       0.8098225       
1.5520000       0.8080530       0.8096261       
1.5600000       0.8061517       0.8094537       
1.5680000       0.8103758       0.8093359       
1.5760000       0.8086993       0.8092982       
1.5840000       0.8076793       0.8093552       
1.5920000       0.8091115       0.8095062       
1.6000000       0.8104289       0.8097349       
1.6080000       0.8124086       0.8100131       
1.6160000       0.8108266       0.8103059       
1.6240000       0.8130389       0.8105796       
1.6320000       0.8148592       0.8108075       
1.6400000       0.8119106       0.8109738       
1.6480000       0.8133563       0.8110750       
1.6560000       0.8126529       0.8111178       
1.6640000       0.8152753       0.8111160       
1.6720000       0.8129366       0.8110863       
1.6800000       0.8136339       0.8110447       
1.6880000       0.8138355       0.8110045       
1.6960000       0.8079673       0.8109748       
1.7040000       0.8104706       0.8109609       
1.7120000       0.8091826       0.8109638       
1.7200000       0.8103635       0.8109812       
1.7280000       0.8097771       0.8110074       
1.7360000       0.8083843       0.8110336       
1.7440000       0.8069357       0.8110485       
1.7520000       0.8088044       0.8110398       
1.7600000       0.8118925       0.8109962       
1.7680000       0.8109621       0.8109106       
1.7760000       0.8144071       0.8107819       
1.7840000       0.8131043       0.8106179       
1.7920000       0.8135786       0.8104346       
