0.0000000       1.0000000       1.0000000       
0.0080000       0.9957149       0.9972263       
0.0160000       0.9878642       0.9895167       
0.0240000       0.9752502       0.9785187       
0.0320000       0.9613110       0.9664223       
0.0400000       0.9541586       0.9553333       
0.0480000       0.9471660       0.9467296       
0.0560000       0.9404196       0.9411720       
0.0640000       0.9384194       0.9383398       
0.0720000       0.9354892       0.9373383       
0.0800000       0.9384884       0.9371333       
0.0880000       0.9330307       0.9369404       
0.0960000       0.9342000       0.9364336       
0.1040000       0.9302873       0.9357301       
0.1120000       0.9311724       0.9351977       
0.1200000       0.9337927       0.9351957       
0.1280000       0.9364355       0.9358696       
0.1360000       0.9353909       0.9370774       
0.1440000       0.9364891       0.9384597       
0.1520000       0.9377713       0.9395994       
0.1600000       0.9381182       0.9401909       
0.1680000       0.9372831       0.9401426       
0.1760000       0.9385965       0.9395793       
0.1840000       0.9354483       0.9387583       
0.1920000       0.9356151       0.9379503       
0.2000000       0.9361298       0.9373396       
0.2080000       0.9352024       0.9369838       
0.2160000       0.9374333       0.9368362       
0.2240000       0.9394325       0.9368077       
0.2320000       0.9377032       0.9368283       
0.2400000       0.9386758       0.9368798       
0.2480000       0.9369609       0.9369875       
0.2560000       0.9370429       0.9371855       
0.2640000       0.9398770       0.9374784       
0.2720000       0.9360000       0.9378241       
0.2800000       0.9365092       0.9381451       
0.2880000       0.9359774       0.9383619       
0.2960000       0.9361936       0.9384274       
0.3040000       0.9405579       0.9383461       
0.3120000       0.9369384       0.9381660       
0.3200000       0.9374460       0.9379513       
0.3280000       0.9357243       0.9377498       
0.3360000       0.9397934       0.9375736       
0.3440000       0.9340693       0.9374012       
0.3520000       0.9409557       0.9372003       
0.3600000       0.9352521       0.9369572       
0.3680000       0.9388590       0.9366968       
0.3760000       0.9357197       0.9364818       
0.3840000       0.9411261       0.9363901       
0.3920000       0.9373277       0.9364810       
0.4000000       0.9408468       0.9367653       
0.4080000       0.9393553       0.9371931       
0.4160000       0.9378895       0.9376665       
0.4240000       0.9367137       0.9380702       
0.4320000       0.9409611       0.9383094       
0.4400000       0.9374286       0.9383382       
0.4480000       0.9406974       0.9381696       
0.4560000       0.9397271       0.9378637       
0.4640000       0.9383620       0.9375026       
0.4720000       0.9385928       0.9371615       
0.4800000       0.9394542       0.9368888       
0.4880000       0.9364453       0.9367012       
0.4960000       0.9404976       0.9365918       
0.5040000       0.9386824       0.9365458       
0.5120000       0.9342579       0.9365546       
0.5200000       0.9381646       0.9366213       
0.5280000       0.9403186       0.9367561       
0.5360000       0.9367995       0.9369652       
0.5440000       0.9376698       0.9372388       
0.5520000       0.9372585       0.9375454       
0.5600000       0.9360032       0.9378360       
0.5680000       0.9353109       0.9380563       
0.5760000       0.9393631       0.9381625       
0.5840000       0.9356633       0.9381348       
0.5920000       0.9390934       0.9379829       
0.6000000       0.9354643       0.9377414       
0.6080000       0.9390723       0.9374590       
0.6160000       0.9369985       0.9371844       
0.6240000       0.9380806       0.9369559       
0.6320000       0.9335302       0.9367966       
0.6400000       0.9390104       0.9367164       
0.6480000       0.9396122       0.9367182       
0.6560000       0.9389445       0.9368026       
0.6640000       0.9357178       0.9369698       
0.6720000       0.9400731       0.9372154       
0.6800000       0.9390059       0.9375245       
0.6880000       0.9370805       0.9378659       
0.6960000       0.9353218       0.9381925       
0.7040000       0.9394959       0.9384482       
0.7120000       0.9340881       0.9385811       
0.7200000       0.9372187       0.9385586       
0.7280000       0.9385934       0.9383789       
0.7360000       0.9346602       0.9380737       
0.7440000       0.9383252       0.9377011       
0.7520000       0.9335835       0.9373305       
0.7600000       0.9387759       0.9370242       
0.7680000       0.9354107       0.9368217       
0.7760000       0.9389160       0.9367328       
0.7840000       0.9360372       0.9367395       
0.7920000       0.9358073       0.9368065       
0.8000000       0.9372941       0.9368950       
0.8080000       0.9362107       0.9369753       
0.8160000       0.9349430       0.9370329       
0.8240000       0.9372015       0.9370682       
0.8320000       0.9336280       0.9370909       
0.8400000       0.9365298       0.9371115       
0.8480000       0.9363717       0.9371353       
0.8560000       0.9369269       0.9371600       
0.8640000       0.9362332       0.9371782       
0.8720000       0.9376951       0.9371822       
0.8800000       0.9357140       0.9371686       
0.8880000       0.9384030       0.9371409       
0.8960000       0.9389992       0.9371081       
0.9040000       0.9372597       0.9370808       
0.9120000       0.9389915       0.9370669       
0.9200000       0.9358507       0.9370687       
0.9280000       0.9366130       0.9370831       
0.9360000       0.9363132       0.9371044       
0.9440000       0.9373410       0.9371291       
0.9520000       0.9368154       0.9371586       
0.9600000       0.9393789       0.9371993       
0.9680000       0.9379451       0.9372598       
0.9760000       0.9362122       0.9373458       
0.9840000       0.9378676       0.9374558       
0.9920000       0.9376259       0.9375793       
1.0000000       0.9361700       0.9376995       
1.0080000       0.9376457       0.9377981       
1.0160000       0.9403243       0.9378628       
1.0240000       0.9350258       0.9378908       
1.0320000       0.9364001       0.9378901       
1.0400000       0.9393974       0.9378749       
1.0480000       0.9401681       0.9378600       
1.0560000       0.9360425       0.9378547       
1.0640000       0.9378765       0.9378606       
1.0720000       0.9381213       0.9378730       
1.0800000       0.9361299       0.9378867       
1.0880000       0.9382693       0.9379008       
1.0960000       0.9390637       0.9379212       
1.1040000       0.9379314       0.9379583       
1.1120000       0.9429483       0.9380205       
1.1200000       0.9352255       0.9381065       
1.1280000       0.9405334       0.9382013       
1.1360000       0.9369011       0.9382773       
1.1440000       0.9360117       0.9383034       
1.1520000       0.9359967       0.9382566       
1.1600000       0.9384683       0.9381328       
1.1680000       0.9395605       0.9379510       
1.1760000       0.9381576       0.9377483       
1.1840000       0.9366475       0.9375679       
1.1920000       0.9358627       0.9374435       
1.2000000       0.9395218       0.9373880       
1.2080000       0.9369298       0.9373899       
1.2160000       0.9379987       0.9374208       
1.2240000       0.9367349       0.9374484       
1.2320000       0.9398555       0.9374512       
1.2400000       0.9381721       0.9374272       
1.2480000       0.9372126       0.9373935       
1.2560000       0.9364542       0.9373765       
1.2640000       0.9387652       0.9373979       
1.2720000       0.9373981       0.9374633       
1.2800000       0.9383740       0.9375583       
1.2880000       0.9395977       0.9376541       
1.2960000       0.9361974       0.9377200       
1.3040000       0.9401138       0.9377370       
1.3120000       0.9382882       0.9377062       
1.3200000       0.9385747       0.9376486       
1.3280000       0.9385888       0.9375960       
1.3360000       0.9401456       0.9375775       
1.3440000       0.9375715       0.9376072       
1.3520000       0.9382721       0.9376793       
1.3600000       0.9393516       0.9377712       
1.3680000       0.9383717       0.9378528       
1.3760000       0.9399075       0.9378992       
1.3840000       0.9346186       0.9378988       
1.3920000       0.9396953       0.9378561       
1.4000000       0.9380185       0.9377873       
1.4080000       0.9360396       0.9377127       
1.4160000       0.9397399       0.9376484       
1.4240000       0.9356160       0.9376027       
1.4320000       0.9360678       0.9375770       
1.4400000       0.9381304       0.9375706       
1.4480000       0.9371128       0.9375853       
1.4560000       0.9387356       0.9376279       
1.4640000       0.9406532       0.9377078       
1.4720000       0.9372290       0.9378311       
1.4800000       0.9386865       0.9379936       
1.4880000       0.9393369       0.9381766       
1.4960000       0.9389677       0.9383480       
1.5040000       0.9362620       0.9384699       
1.5120000       0.9350394       0.9385091       
1.5200000       0.9385711       0.9384500       
1.5280000       0.9380450       0.9383012       
1.5360000       0.9394286       0.9380965       
1.5440000       0.9368294       0.9378864       
1.5520000       0.9398829       0.9377235       
1.5600000       0.9386870       0.9376465       
1.5680000       0.9350104       0.9376676       
1.5760000       0.9384945       0.9377681       
1.5840000       0.9383550       0.9379040       
1.5920000       0.9373396       0.9380216       
1.6000000       0.9365668       0.9380746       
1.6080000       0.9364056       0.9380408       
1.6160000       0.9365917       0.9379284       
1.6240000       0.9362469       0.9377719       
1.6320000       0.9380979       0.9376175       
1.6400000       0.9351489       0.9375047       
1.6480000       0.9374618       0.9374511       
1.6560000       0.9379605       0.9374462       
1.6640000       0.9351899       0.9374581       
1.6720000       0.9345113       0.9374490       
1.6800000       0.9370130       0.9373932       
1.6880000       0.9374668       0.9372904       
1.6960000       0.9360504       0.9371663       
1.7040000       0.9377025       0.9370629       
1.7120000       0.9380187       0.9370195       
1.7200000       0.9377835       0.9370558       
1.7280000       0.9366351       0.9371632       
1.7360000       0.9387340       0.9373084       
1.7440000       0.9370077       0.9374484       
1.7520000       0.9413413       0.9375484       
1.7600000       0.9358730       0.9375960       
1.7680000       0.9391830       0.9376031       
1.7760000       0.9376723       0.9375964       
1.7840000       0.9364371       0.9376009       
1.7920000       0.9357577       0.9376250       
