0.0000000    1.0000000    0.0000000    
0.0080000    0.9633994    0.0080000    
0.0160000    0.8769080    0.0160000    
0.0240000    0.7721672    0.0240000    
0.0320000    0.6880414    0.0320000    
0.0400000    0.6368203    0.0400000    
0.0480000    0.6306899    0.0480000    
0.0560000    0.6642169    0.0560000    
0.0640000    0.7129811    0.0640000    
0.0720000    0.7596486    0.0720000    
0.0800000    0.7553481    0.0800000    
0.0880000    0.7579565    0.0880000    
0.0960000    0.7378821    0.0960000    
0.1040000    0.7065337    0.1040000    
0.1120000    0.6868031    0.1120000    
0.1200000    0.6859146    0.1200000    
0.1280000    0.6956660    0.1280000    
0.1360000    0.7143446    0.1360000    
0.1440000    0.7289270    0.1440000    
0.1520000    0.7383742    0.1520000    
0.1600000    0.7371401    0.1600000    
0.1680000    0.7249617    0.1680000    
0.1760000    0.7116827    0.1760000    
0.1840000    0.6971967    0.1840000    
0.1920000    0.6972933    0.1920000    
0.2000000    0.7031369    0.2000000    
0.2080000    0.7141518    0.2080000    
0.2160000    0.7211499    0.2160000    
0.2240000    0.7251757    0.2240000    
0.2320000    0.7273647    0.2320000    
0.2400000    0.7200635    0.2400000    
0.2480000    0.7163610    0.2480000    
0.2560000    0.7105784    0.2560000    
0.2640000    0.7128324    0.2640000    
0.2720000    0.7156440    0.2720000    
0.2800000    0.7176933    0.2800000    
0.2880000    0.7174345    0.2880000    
0.2960000    0.7220837    0.2960000    
0.3040000    0.7192660    0.3040000    
0.3120000    0.7105641    0.3120000    
0.3200000    0.7092764    0.3200000    
0.3280000    0.7058252    0.3280000    
0.3360000    0.7104050    0.3360000    
0.3440000    0.7139568    0.3440000    
0.3520000    0.7153527    0.3520000    
0.3600000    0.7210328    0.3600000    
0.3680000    0.7228444    0.3680000    
0.3760000    0.7165059    0.3760000    
0.3840000    0.7158739    0.3840000    
0.3920000    0.7131106    0.3920000    
0.4000000    0.7144265    0.4000000    
0.4080000    0.7151657    0.4080000    
0.4160000    0.7163758    0.4160000    
0.4240000    0.7152862    0.4240000    
0.4320000    0.7136465    0.4320000    
0.4400000    0.7174820    0.4400000    
0.4480000    0.7145307    0.4480000    
0.4560000    0.7120547    0.4560000    
0.4640000    0.7146830    0.4640000    
0.4720000    0.7130664    0.4720000    
0.4800000    0.7139703    0.4800000    
0.4880000    0.7187804    0.4880000    
0.4960000    0.7172315    0.4960000    
0.5040000    0.7218242    0.5040000    
0.5120000    0.7201262    0.5120000    
0.5200000    0.7177923    0.5200000    
0.5280000    0.7156443    0.5280000    
0.5360000    0.7152596    0.5360000    
0.5440000    0.7144513    0.5440000    
0.5520000    0.7151401    0.5520000    
0.5600000    0.7172570    0.5600000    
0.5680000    0.7236523    0.5680000    
0.5760000    0.7205851    0.5760000    
0.5840000    0.7177254    0.5840000    
0.5920000    0.7183212    0.5920000    
0.6000000    0.7159475    0.6000000    
0.6080000    0.7161254    0.6080000    
0.6160000    0.7140327    0.6160000    
0.6240000    0.7167852    0.6240000    
0.6320000    0.7195284    0.6320000    
0.6400000    0.7174946    0.6400000    
0.6480000    0.7140196    0.6480000    
0.6560000    0.7184558    0.6560000    
0.6640000    0.7167968    0.6640000    
0.6720000    0.7155434    0.6720000    
0.6800000    0.7174364    0.6800000    
0.6880000    0.7160024    0.6880000    
0.6960000    0.7191907    0.6960000    
0.7040000    0.7170793    0.7040000    
0.7120000    0.7184424    0.7120000    
0.7200000    0.7200595    0.7200000    
0.7280000    0.7144423    0.7280000    
0.7360000    0.7181935    0.7360000    
0.7440000    0.7170710    0.7440000    
0.7520000    0.7185419    0.7520000    
0.7600000    0.7168291    0.7600000    
0.7680000    0.7180269    0.7680000    
0.7760000    0.7177404    0.7760000    
0.7840000    0.7212633    0.7840000    
0.7920000    0.7179977    0.7920000    
0.8000000    0.7169055    0.8000000    
0.8080000    0.7170015    0.8080000    
0.8160000    0.7169152    0.8160000    
0.8240000    0.7154733    0.8240000    
0.8320000    0.7148534    0.8320000    
0.8400000    0.7154462    0.8400000    
0.8480000    0.7215717    0.8480000    
0.8560000    0.7179930    0.8560000    
0.8640000    0.7183841    0.8640000    
0.8720000    0.7154320    0.8720000    
0.8800000    0.7192235    0.8800000    
0.8880000    0.7177887    0.8880000    
0.8960000    0.7172796    0.8960000    
0.9040000    0.7181757    0.9040000    
0.9120000    0.7204071    0.9120000    
0.9200000    0.7178419    0.9200000    
0.9280000    0.7147441    0.9280000    
0.9360000    0.7186391    0.9360000    
0.9440000    0.7201384    0.9440000    
0.9520000    0.7150025    0.9520000    
0.9600000    0.7136023    0.9600000    
0.9680000    0.7184155    0.9680000    
0.9760000    0.7171941    0.9760000    
0.9840000    0.7200934    0.9840000    
0.9920000    0.7195414    0.9920000    
1.0000000    0.7203531    1.0000000    
1.0080000    0.7188326    1.0080000    
1.0160000    0.7176776    1.0160000    
1.0240000    0.7214198    1.0240000    
1.0320000    0.7160221    1.0320000    
1.0400000    0.7175650    1.0400000    
1.0480000    0.7189647    1.0480000    
1.0560000    0.7172162    1.0560000    
1.0640000    0.7191019    1.0640000    
1.0720000    0.7159906    1.0720000    
1.0800000    0.7139838    1.0800000    
1.0880000    0.7163021    1.0880000    
1.0960000    0.7204660    1.0960000    
1.1040000    0.7164550    1.1040000    
1.1120000    0.7156796    1.1120000    
1.1200000    0.7180215    1.1200000    
1.1280000    0.7178602    1.1280000    
1.1360000    0.7163801    1.1360000    
1.1440000    0.7180671    1.1440000    
1.1520000    0.7187611    1.1520000    
1.1600000    0.7176628    1.1600000    
1.1680000    0.7196513    1.1680000    
1.1760000    0.7186868    1.1760000    
1.1840000    0.7151868    1.1840000    
1.1920000    0.7167478    1.1920000    
1.2000000    0.7183149    1.2000000    
1.2080000    0.7176611    1.2080000    
1.2160000    0.7173013    1.2160000    
1.2240000    0.7160410    1.2240000    
1.2320000    0.7159286    1.2320000    
1.2400000    0.7196779    1.2400000    
1.2480000    0.7148574    1.2480000    
1.2560000    0.7205833    1.2560000    
1.2640000    0.7200232    1.2640000    
1.2720000    0.7174828    1.2720000    
1.2800000    0.7196855    1.2800000    
1.2880000    0.7226155    1.2880000    
1.2960000    0.7179687    1.2960000    
1.3040000    0.7176868    1.3040000    
1.3120000    0.7163425    1.3120000    
1.3200000    0.7143929    1.3200000    
1.3280000    0.7196338    1.3280000    
1.3360000    0.7151809    1.3360000    
1.3440000    0.7164912    1.3440000    
1.3520000    0.7167717    1.3520000    
1.3600000    0.7228058    1.3600000    
1.3680000    0.7182272    1.3680000    
1.3760000    0.7202060    1.3760000    
1.3840000    0.7199631    1.3840000    
1.3920000    0.7178351    1.3920000    
1.4000000    0.7173882    1.4000000    
1.4080000    0.7136582    1.4080000    
1.4160000    0.7161801    1.4160000    
1.4240000    0.7176750    1.4240000    
1.4320000    0.7197802    1.4320000    
1.4400000    0.7167272    1.4400000    
1.4480000    0.7176161    1.4480000    
1.4560000    0.7200519    1.4560000    
1.4640000    0.7184159    1.4640000    
1.4720000    0.7206383    1.4720000    
1.4800000    0.7181389    1.4800000    
1.4880000    0.7154130    1.4880000    
1.4960000    0.7178828    1.4960000    
1.5040000    0.7175481    1.5040000    
1.5120000    0.7173923    1.5120000    
1.5200000    0.7175406    1.5200000    
1.5280000    0.7193921    1.5280000    
1.5360000    0.7145428    1.5360000    
1.5440000    0.7163425    1.5440000    
1.5520000    0.7114974    1.5520000    
1.5600000    0.7152937    1.5600000    
1.5680000    0.7131288    1.5680000    
1.5760000    0.7173714    1.5760000    
1.5840000    0.7173557    1.5840000    
1.5920000    0.7169969    1.5920000    
1.6000000    0.7138441    1.6000000    
1.6080000    0.7210203    1.6080000    
1.6160000    0.7191943    1.6160000    
1.6240000    0.7185106    1.6240000    
1.6320000    0.7204092    1.6320000    
1.6400000    0.7149393    1.6400000    
1.6480000    0.7159459    1.6480000    
1.6560000    0.7170827    1.6560000    
1.6640000    0.7137047    1.6640000    
1.6720000    0.7144857    1.6720000    
1.6800000    0.7166618    1.6800000    
1.6880000    0.7207353    1.6880000    
1.6960000    0.7192527    1.6960000    
1.7040000    0.7209872    1.7040000    
1.7120000    0.7138428    1.7120000    
1.7200000    0.7175807    1.7200000    
1.7280000    0.7190211    1.7280000    
1.7360000    0.7188181    1.7360000    
1.7440000    0.7184107    1.7440000    
1.7520000    0.7192869    1.7520000    
1.7600000    0.7154393    1.7600000    
1.7680000    0.7133682    1.7680000    
1.7760000    0.7125905    1.7760000    
1.7840000    0.7095852    1.7840000    
1.7920000    0.7093998    1.7920000    
