0.000000 1152680.766667 133246.833333
4.000000 1145302.566667 135501.633333
8.000000 1146156.566667 135548.100000
12.000000 1148156.666667 136154.266667
16.000000 1151641.100000 136628.466667
20.000000 1156597.966667 137838.933333
24.000000 1162539.300000 138709.633333
28.000000 1169415.566667 139487.233333
32.000000 1176405.900000 140761.633333
36.000000 1183927.800000 141465.066667
40.000000 1189639.133333 142013.500000
44.000000 1193555.133333 142012.100000
48.000000 1195435.500000 141610.466667
52.000000 1193871.733333 140852.300000
56.000000 1189665.300000 140338.466667
60.000000 1184373.000000 139279.433333
64.000000 1177423.233333 138731.533333
68.000000 1170255.366667 137499.733333
72.000000 1162843.700000 136981.900000
76.000000 1157009.866667 135965.766667
80.000000 1151756.300000 135593.633333
84.000000 1148221.766667 134888.766667
88.000000 1145993.933333 135293.333333
92.000000 1144721.233333 135024.300000
96.000000 1144936.466667 135167.266667
100.000000 1145951.433333 135392.400000
104.000000 1147332.366667 135782.833333
108.000000 1149029.200000 135816.900000
112.000000 1150760.866667 136130.400000
116.000000 1152018.600000 136148.400000
120.000000 1153006.766667 136596.400000
124.000000 1153083.033333 136352.600000
128.000000 1152216.666667 136345.366667
132.000000 1150985.533333 136025.100000
136.000000 1149288.466667 135597.700000
140.000000 1146635.933333 135437.400000
144.000000 1144365.700000 135044.233333
148.000000 1142159.366667 134828.033333
152.000000 1140128.900000 134452.200000
156.000000 1138368.900000 134558.633333
160.000000 1137135.733333 134285.333333
164.000000 1137080.933333 134621.100000
168.000000 1137038.000000 134378.633333
172.000000 1137288.966667 134607.166667
176.000000 1137765.400000 134464.500000
180.000000 1138339.900000 134615.600000
184.000000 1139059.133333 134374.700000
188.000000 1139292.766667 134432.700000
192.000000 1139112.966667 134880.233333
196.000000 1139092.133333 134488.866667
200.000000 1138118.533333 134466.500000
204.000000 1136901.633333 134121.266667
208.000000 1135658.633333 133859.300000
212.000000 1133842.666667 134038.600000
216.000000 1131876.766667 133566.033333
220.000000 1130798.900000 133739.266667
224.000000 1128898.866667 133489.466667
228.000000 1128397.933333 133434.233333
232.000000 1127676.200000 133412.533333
236.000000 1127644.166667 133830.200000
240.000000 1127607.033333 133383.833333
244.000000 1127962.366667 133840.333333
248.000000 1128520.133333 133782.833333
252.000000 1129119.066667 133700.233333
256.000000 1129168.533333 133501.000000
260.000000 1129554.866667 134031.200000
264.000000 1129070.333333 133823.466667
268.000000 1128999.400000 133484.766667
272.000000 1128183.600000 133797.166667
276.000000 1127216.700000 133201.466667
280.000000 1126501.533333 133415.266667
284.000000 1125284.133333 133154.066667
288.000000 1124412.933333 133093.566667
292.000000 1123484.600000 132892.333333
296.000000 1122845.566667 132813.333333
300.000000 1122434.600000 132760.533333
304.000000 1122503.566667 132698.200000
308.000000 1122183.166667 132826.933333
312.000000 1122465.866667 132612.933333
316.000000 1122728.766667 132704.333333
320.000000 1123090.266667 133126.033333
324.000000 1123513.166667 133015.933333
328.000000 1123416.000000 133005.333333
332.000000 1123862.533333 133090.133333
336.000000 1123627.566667 133082.266667
340.000000 1123182.600000 132777.300000
344.000000 1122823.566667 132871.100000
348.000000 1122142.833333 132604.400000
352.000000 1121642.433333 132577.233333
356.000000 1121154.200000 132408.833333
360.000000 1120368.766667 132593.100000
364.000000 1120080.566667 132356.833333
368.000000 1119756.333333 132496.766667
372.000000 1119498.300000 132531.866667
376.000000 1119385.833333 132573.333333
380.000000 1119543.300000 132352.766667
384.000000 1119833.700000 132529.800000
388.000000 1119996.133333 132668.700000
392.000000 1120063.666667 132590.966667
396.000000 1120277.633333 132706.533333
400.000000 1120386.533333 132740.200000
404.000000 1120128.333333 132522.700000
408.000000 1120224.366667 132655.333333
412.000000 1120026.533333 132760.066667
416.000000 1119731.066667 132417.166667
420.000000 1119417.000000 132582.366667
424.000000 1119259.500000 132552.900000
428.000000 1118769.366667 132389.433333
432.000000 1118242.033333 132435.700000
436.000000 1118174.066667 132419.600000
440.000000 1117898.600000 132320.366667
444.000000 1118146.300000 132314.600000
448.000000 1117898.700000 136096.466667
452.000000 1117950.733333 136387.033333
456.000000 1117912.200000 136289.866667
460.000000 1118142.800000 136492.166667
464.000000 1118192.100000 136334.733333
468.000000 1118355.933333 136409.700000
472.000000 1118318.700000 136765.700000
476.000000 1118208.033333 136242.900000
480.000000 1118033.100000 136335.533333
484.000000 1118015.566667 136428.100000
488.000000 1117846.633333 136537.233333
492.000000 1117439.933333 136254.833333
496.000000 1117342.300000 136143.600000
500.000000 1117086.866667 135928.133333
504.000000 1116909.466667 136360.533333
508.000000 1116981.733333 136137.833333
512.000000 1116788.300000 136333.233333
516.000000 1116917.000000 136191.566667
520.000000 1116630.633333 136371.766667
524.000000 1116550.666667 136232.366667
528.000000 1116621.066667 136463.633333
532.000000 1116449.300000 136423.466667
536.000000 1116675.900000 136286.400000
540.000000 1116481.733333 136360.233333
544.000000 1116484.400000 136610.133333
548.000000 1116350.366667 136684.133333
552.000000 1116387.533333 136510.333333
556.000000 1116195.533333 136444.500000
560.000000 1115848.700000 136423.000000
564.000000 1116007.633333 136097.900000
568.000000 1115512.433333 136518.633333
572.000000 1115292.966667 136090.500000
576.000000 1114970.366667 136220.533333
580.000000 1115011.466667 136280.566667
584.000000 1115071.600000 136262.233333
588.000000 1114725.933333 136318.800000
592.000000 1114720.600000 136299.566667
596.000000 1114516.066667 136174.933333
600.000000 1114511.066667 136309.900000
604.000000 1114326.300000 136183.900000
608.000000 1114200.700000 135976.866667
612.000000 1114100.666667 136131.466667
616.000000 1114002.833333 136273.533333
620.000000 1113706.333333 136132.033333
624.000000 1113424.600000 136226.200000
628.000000 1113165.233333 136100.233333
632.000000 1113097.033333 136083.500000
636.000000 1112669.433333 136214.033333
640.000000 1112631.866667 135999.766667
644.000000 1112331.500000 136072.033333
648.000000 1111951.400000 136050.900000
652.000000 1111697.033333 135975.866667
656.000000 1111532.700000 136003.933333
660.000000 1111305.033333 136180.266667
664.000000 1111040.233333 135898.866667
668.000000 1110792.300000 135922.900000
672.000000 1110541.633333 135927.800000
676.000000 1110352.233333 136234.900000
680.000000 1109922.700000 135841.066667
684.000000 1109761.000000 136056.433333
688.000000 1109623.100000 135702.066667
692.000000 1109411.700000 135994.400000
696.000000 1109072.200000 135817.566667
700.000000 1108701.633333 135892.800000
704.000000 1108380.000000 135878.266667
708.000000 1108018.466667 135820.266667
712.000000 1108118.000000 135534.933333
716.000000 1107562.800000 135545.033333
720.000000 1107019.866667 135756.733333
724.000000 1106952.166667 135477.633333
728.000000 1106852.300000 135608.633333
732.000000 1106477.433333 135506.400000
736.000000 1106274.866667 135592.733333
740.000000 1105957.166667 135445.666667
744.000000 1105612.000000 135478.666667
748.000000 1105451.000000 135410.133333
752.000000 1105154.100000 135324.000000
756.000000 1104690.866667 135436.233333
760.000000 1104479.566667 135410.833333
764.000000 1104011.266667 135080.400000
768.000000 1103869.900000 135384.700000
772.000000 1103505.800000 135246.333333
776.000000 1103231.633333 135067.633333
780.000000 1102751.633333 135177.400000
784.000000 1102477.700000 135121.033333
788.000000 1102127.500000 135098.466667
792.000000 1101945.900000 134850.900000
796.000000 1101608.666667 134893.766667
800.000000 1101362.600000 135059.200000
804.000000 1101014.500000 134987.666667
808.000000 1100662.633333 134886.266667
812.000000 1100329.866667 134840.333333
816.000000 1100043.000000 134847.333333
820.000000 1099645.566667 134634.066667
824.000000 1099351.866667 134688.166667
828.000000 1099178.500000 134877.100000
832.000000 1098867.300000 134562.200000
836.000000 1098719.966667 134684.133333
840.000000 1098252.833333 134649.233333
844.000000 1098081.600000 134612.100000
848.000000 1097917.833333 134408.766667
852.000000 1097590.333333 134727.533333
856.000000 1097161.033333 134354.533333
860.000000 1096901.500000 134277.500000
864.000000 1096734.600000 134158.733333
868.000000 1096575.833333 134231.366667
872.000000 1096243.033333 134384.233333
876.000000 1095898.966667 134272.500000
880.000000 1095733.433333 134390.500000
884.000000 1095294.700000 134101.800000
888.000000 1095137.966667 134340.066667
892.000000 1094994.133333 134257.666667
896.000000 1094758.466667 134367.933333
900.000000 1094293.400000 134313.433333
904.000000 1094165.733333 134094.933333
908.000000 1094079.633333 134144.866667
912.000000 1093670.133333 134319.500000
916.000000 1093455.266667 133940.333333
920.000000 1093365.166667 133978.733333
924.000000 1093089.666667 134067.366667
928.000000 1092978.333333 133894.933333
932.000000 1092547.600000 134014.133333
936.000000 1092615.833333 133859.933333
940.000000 1092293.166667 133792.300000
944.000000 1092199.900000 133897.566667
948.000000 1091744.200000 133739.433333
952.000000 1091668.800000 133965.066667
956.000000 1091300.666667 133980.700000
960.000000 1091228.033333 133820.933333
964.000000 1090965.466667 133918.766667
968.000000 1090977.000000 133750.000000
972.000000 1090574.733333 133703.766667
976.000000 1090518.000000 133660.900000
980.000000 1090356.133333 133588.233333
984.000000 1090059.466667 133774.300000
988.000000 1089895.066667 133503.133333
992.000000 1090058.733333 133594.233333
996.000000 1089546.933333 133666.233333
1000.000000 1089579.966667 133444.933333
1004.000000 1089264.933333 133230.700000
1008.000000 1089159.100000 133605.600000
1012.000000 1088935.900000 133635.500000
1016.000000 1088709.333333 133543.600000
1020.000000 1088477.833333 133585.500000
1024.000000 1088254.433333 133366.900000
1028.000000 1088070.466667 133405.233333
1032.000000 1088028.566667 133490.700000
1036.000000 1087774.300000 133455.633333
1040.000000 1087807.966667 133679.866667
1044.000000 1087678.266667 133559.533333
1048.000000 1087530.633333 133506.233333
1052.000000 1087308.433333 133580.500000
1056.000000 1087145.700000 133411.866667
1060.000000 1087002.766667 133271.300000
1064.000000 1086751.633333 133303.500000
1068.000000 1086710.900000 133185.000000
1072.000000 1086413.033333 133302.800000
1076.000000 1086240.200000 133387.900000
1080.000000 1086185.566667 133449.666667
1084.000000 1085942.266667 133244.866667
1088.000000 1085681.866667 133221.533333
1092.000000 1085572.800000 133069.900000
1096.000000 1085383.633333 133249.333333
1100.000000 1085135.400000 133237.000000
1104.000000 1084833.700000 133285.400000
1108.000000 1084675.166667 133432.900000
1112.000000 1084647.366667 133370.966667
1116.000000 1084430.400000 133350.266667
1120.000000 1084167.166667 133105.900000
1124.000000 1083870.566667 133098.900000
1128.000000 1083884.866667 133096.133333
1132.000000 1083732.966667 133160.966667
1136.000000 1083348.700000 133250.333333
1140.000000 1083197.433333 133262.566667
1144.000000 1082834.033333 133052.800000
1148.000000 1082676.333333 132758.600000
1152.000000 1082627.200000 133032.566667
1156.000000 1082284.200000 132644.266667
1160.000000 1082281.833333 132682.900000
1164.000000 1081907.366667 132858.400000
1168.000000 1081838.000000 133077.400000
1172.000000 1081285.666667 133199.300000
1176.000000 1080846.966667 133028.000000
1180.000000 1080584.833333 132989.266667
1184.000000 1080745.566667 132808.300000
1188.000000 1080130.000000 132888.866667
1192.000000 1079952.800000 132677.966667
1196.000000 1079902.133333 132828.200000
1200.000000 1079424.633333 132560.866667
1204.000000 1079271.300000 132618.900000
1208.000000 1078894.066667 132597.766667
1212.000000 1078548.766667 132420.600000
1216.000000 1078687.100000 132253.333333
1220.000000 1078239.000000 132445.966667
1224.000000 1077837.466667 132196.833333
1228.000000 1077740.266667 132729.100000
1232.000000 1077461.733333 132615.533333
1236.000000 1077163.133333 132178.266667
1240.000000 1077068.933333 132079.833333
1244.000000 1076711.966667 132377.066667
1248.000000 1076395.733333 132399.633333
1252.000000 1076200.666667 132444.133333
1256.000000 1075972.900000 132330.200000
1260.000000 1075990.533333 132369.400000
1264.000000 1075707.066667 132206.433333
1268.000000 1075625.233333 131881.233333
1272.000000 1075158.766667 132011.566667
1276.000000 1074947.366667 131990.500000
1280.000000 1074429.900000 132091.566667
1284.000000 1074062.800000 132370.266667
1288.000000 1074195.933333 132273.700000
1292.000000 1074001.233333 132316.300000
1296.000000 1073616.666667 132013.100000
1300.000000 1073199.300000 131930.033333
1304.000000 1072850.600000 131806.333333
1308.000000 1072683.200000 131791.066667
1312.000000 1072107.666667 131888.100000
1316.000000 1071599.400000 132187.900000
1320.000000 1071070.500000 132079.200000
1324.000000 1071024.100000 132023.566667
1328.000000 1070934.766667 131859.300000
1332.000000 1070606.633333 131892.000000
1336.000000 1070409.200000 131594.933333
1340.000000 1069927.966667 131439.633333
1344.000000 1069522.666667 131768.166667
1348.000000 1069546.700000 131800.966667
1352.000000 1069408.233333 131641.666667
1356.000000 1069218.166667 131409.133333
1360.000000 1068624.666667 131246.800000
1364.000000 1068341.333333 130890.600000
1368.000000 1068413.700000 130846.233333
1372.000000 1068414.500000 131429.600000
1376.000000 1068110.133333 131726.566667
1380.000000 1067818.333333 131745.500000
1384.000000 1067287.700000 131598.466667
1388.000000 1067457.666667 131015.766667
1392.000000 1067345.700000 130596.100000
1396.000000 1067179.033333 130093.866667
1400.000000 1066558.700000 130021.933333