0.000000 57303603.989058 -2065183.267338
8.000000 57654152.580004 280384.499261
16.000000 57146166.144833 -1001872.041341
24.000000 57493324.559853 -50801.973892
32.000000 57193659.102256 -735613.436576
40.000000 57266103.124384 -268884.806433
48.000000 57368348.141475 -227122.993769
56.000000 57305760.934868 -129586.972765
64.000000 57266587.061088 -142234.681573
72.000000 57571201.050499 -290078.480500
80.000000 57457634.959496 -247479.224552
88.000000 57131091.254061 -685691.061109
96.000000 57123136.747968 87555.290997
104.000000 57560427.747442 -291404.156644
112.000000 57396827.023744 -274890.219329
120.000000 57274430.620963 -765735.800607
128.000000 56943944.369901 109044.038867
136.000000 57183998.643412 -323858.635782
144.000000 56955568.798487 -133758.016034
152.000000 57223094.640676 -314697.328020
160.000000 57247770.336013 -90983.479641
168.000000 57036671.011465 -287919.881173
176.000000 57353423.649759 -121393.950658
184.000000 56987693.821640 -340480.820299
192.000000 57426734.537896 -32643.163971
200.000000 57424266.017686 -127334.077886
208.000000 57242620.150976 45606.895730
216.000000 57163725.371649 -550005.718978
224.000000 57049624.368602 -190130.415401
232.000000 56969184.146289 -259707.400269
240.000000 56983364.462781 -438021.563950
248.000000 57264930.865089 -226075.790909
256.000000 57159237.389476 -401785.691876
264.000000 56926139.083137 -116427.930968
272.000000 57089879.001542 -275988.283922
280.000000 56976906.800473 -78232.542274
288.000000 56986581.853602 -355725.666808
296.000000 57163236.300010 -77061.573771
304.000000 57080772.670355 -274591.823996
312.000000 56811992.742738 126149.145877
320.000000 57026511.018753 -92269.142781
328.000000 57259641.786514 -261512.970507
336.000000 56931912.626692 -273656.546190
344.000000 56991598.498624 -28614.428783
352.000000 56847838.630691 -59671.619849
360.000000 56813865.072763 -16552.752752
368.000000 56865542.358719 -427624.472663
376.000000 56892969.049555 -197529.553154
384.000000 56743217.944623 -34386.580821
392.000000 56924342.811049 -47496.943599
400.000000 56926410.299480 -201832.189262
408.000000 56710806.385542 -491514.293332
416.000000 56887670.056300 -147035.609730
424.000000 56771175.077517 -273181.363834
432.000000 56724999.387262 2796.446056
440.000000 56890882.728062 -201793.950840
448.000000 56726250.709424 -464458.294425
456.000000 56611318.342874 -13253.231718
464.000000 56774155.601766 -17822.046704
472.000000 56551274.794362 -1307.233595
480.000000 56484870.179305 -139024.763140
488.000000 56344885.262523 12622.388952
496.000000 56395343.442614 198718.167472
504.000000 56750194.642726 -302524.610212
512.000000 56615593.854972 172850.174801
520.000000 56252035.933013 8973.722154
528.000000 56742292.223667 -378633.126614
536.000000 56567918.371550 -73690.891850
544.000000 56399634.404988 100597.646408
552.000000 56515554.549599 -215755.781279
560.000000 56562287.450559 -237745.250505
568.000000 56282466.606449 -224964.393464
576.000000 56088830.206791 -28721.011183
584.000000 56429144.931466 -24781.404741
592.000000 56485251.589158 -127678.457992
600.000000 56321448.265304 237611.607490
608.000000 56453743.535791 -146084.689735
616.000000 56535118.484307 -34725.462982
624.000000 56485656.845774 -150715.722761
632.000000 56404540.028820 -193327.405986
640.000000 56438058.372817 -119847.930208
648.000000 56366708.567854 212678.444170
656.000000 56407027.583568 90571.395689
664.000000 56581308.797127 -272633.912657
672.000000 56511747.055906 95693.476637
680.000000 56403060.774146 147097.813831
688.000000 56126832.731121 -38156.647174
696.000000 56241424.646505 -143029.526497
704.000000 56178150.990921 -31422.606703
712.000000 56500558.355611 44628.847326
720.000000 56420782.295512 141227.669499
728.000000 56350141.508671 -23397.968576
736.000000 56343336.495493 154973.133786
744.000000 56370822.719918 -217865.239803
752.000000 56735949.756031 -36113.202836
760.000000 56317825.087607 14946.990749
768.000000 56638678.549847 -122526.068848
776.000000 56588564.596134 92920.966175
784.000000 56386177.075132 182655.492377
792.000000 56504721.535814 -42318.702033
800.000000 56177858.263694 -246880.442355
808.000000 56537356.447205 -153447.605782
816.000000 56419434.595062 37816.889125
824.000000 56592677.186514 -51763.866024
832.000000 56441799.713228 105959.631581
840.000000 56443433.496654 -53824.388711
848.000000 56422780.686122 -40674.137111
856.000000 56155732.721192 47608.484144
864.000000 56313475.647034 -137344.955826
872.000000 56543335.579265 -233355.735787
880.000000 56585003.673787 -354545.155057
888.000000 56586865.278964 -117750.993410
896.000000 56633979.137283 66815.287843
904.000000 56470611.021853 36195.422825
912.000000 56360449.520816 -32594.408301
920.000000 56389078.361722 -163832.806132
928.000000 56230947.711445 5926.504222
936.000000 56988190.625072 -75015.168279
944.000000 56765233.720965 142886.279079
952.000000 56744059.954912 64418.039388
960.000000 56539964.850566 -62302.166830
968.000000 56778631.967106 60978.600066
976.000000 56755499.030296 47742.054159
984.000000 56686550.104180 91586.156470
992.000000 56508905.834356 -24949.488732
1000.000000 56645966.025808 163128.080184
1008.000000 56506792.546749 -331798.465267
1016.000000 56646761.963355 5059.317098
1024.000000 56752774.337240 -188132.593859
1032.000000 56544367.003833 18805.041140
1040.000000 56675870.130958 -109955.202593
1048.000000 56603791.402231 105848.672085
1056.000000 56707477.320830 -274150.019078
1064.000000 56705703.334178 173933.819707
1072.000000 56928813.653003 -68297.205718
1080.000000 56815458.191134 -40096.698340
1088.000000 56440432.112852 -3604.751314
1096.000000 56745267.406330 157759.797456
1104.000000 56700366.910897 -411015.677921
1112.000000 56325947.190666 225933.094289
1120.000000 56446005.451731 345095.447547
1128.000000 56434020.045429 6124.015121
1136.000000 56627753.602233 57025.392882
1144.000000 56872057.733437 -229179.600045
1152.000000 56679881.650759 -313580.262640
1160.000000 56863179.806586 -139699.421213
1168.000000 56639298.414710 -102294.135066
1176.000000 56244597.899256 -14335.071870
1184.000000 56454439.750810 -186509.035922
1192.000000 56325532.459420 -100728.483193
1200.000000 56172868.738323 -293402.419329
1208.000000 56418221.294333 -97362.026396
1216.000000 56593791.330603 173581.386902
1224.000000 56509369.753635 22895.957738
1232.000000 56515877.778725 -49849.458244
1240.000000 56404781.255626 -315788.670873
1248.000000 56504769.702115 -35956.051642
1256.000000 56378741.766873 209281.638852
1264.000000 56576350.327640 -241304.868491
1272.000000 56459002.717729 -351150.715842
1280.000000 56534498.213434 -151069.433226
1288.000000 56568298.291266 -104575.382310
1296.000000 56395752.630431 89492.695652
1304.000000 56296979.419265 68672.854924
1312.000000 56343820.006594 110714.433149
1320.000000 56609963.367305 -135066.401722
1328.000000 56730743.191610 -310718.742898
1336.000000 56281959.873931 -85904.304200
1344.000000 56374880.884108 -401046.754895
1352.000000 56618088.178571 -183588.134820
1360.000000 56586882.481421 -221684.088875
1368.000000 56722693.021886 -122728.130613
1376.000000 56690446.859375 -344459.554275
1384.000000 56380797.385826 152740.422313
1392.000000 56179839.206255 77347.754122
1400.000000 56235625.378681 -128838.976377
1408.000000 56183828.170178 -41159.397020
1416.000000 56079762.298012 36099.715752
1424.000000 56334412.063769 179370.834321
1432.000000 56139007.732764 141974.414670
1440.000000 56477061.303326 -234423.656047
1448.000000 56367217.879748 -101741.972245
1456.000000 56592217.129589 351640.675042
1464.000000 56261889.246382 -80268.418573
1472.000000 56189474.845326 -86082.758490
1480.000000 56663275.269819 -20977.146749
1488.000000 56352833.587896 -285375.549438
1496.000000 56198138.665262 -65057.243083
1504.000000 56294059.959660 147565.007827
1512.000000 56456998.510084 38184.337438
1520.000000 56503748.349125 -50964.968261
1528.000000 56088464.265865 44199.510841
1536.000000 56421999.976218 -251149.011203
1544.000000 56411684.663467 -274198.169732
1552.000000 56283437.383701 131080.514204
1560.000000 56316718.135494 -78636.638957
1568.000000 56230041.110510 272395.443930
1576.000000 56312670.835323 35834.512943
1584.000000 56438473.313920 133913.244525
1592.000000 56373516.100062 -42227.459469
1600.000000 56521539.006243 -152668.034484
1608.000000 56133386.860740 -31499.308296
1616.000000 56411514.057200 99850.397916
1624.000000 56513340.295958 153625.752470
1632.000000 56390177.513974 209198.733835
1640.000000 56011052.288377 -148157.981088
1648.000000 56350242.589710 95371.444290
1656.000000 56250190.697221 -111840.375822
1664.000000 56213412.557901 -93100.148151
1672.000000 56476185.046173 -146200.022891
1680.000000 56480327.200327 -103819.049058
1688.000000 56355796.211024 -115827.525111
1696.000000 55925619.091336 -10905.146290
1704.000000 56328233.946364 -18864.215742
1712.000000 56448575.372657 358535.391462
1720.000000 56212771.223565 1109.116825
1728.000000 56413125.295128 -18891.963970
1736.000000 56282152.494942 41848.087038
1744.000000 56084458.881943 71185.108345
1752.000000 56478108.701794 246966.064606
1760.000000 56318455.034788 -172796.392068
1768.000000 56436211.080086 -52973.370541
1776.000000 56586187.963825 179916.135092
1784.000000 56127470.545759 73714.711616
1792.000000 56370415.884950 129729.383754
1800.000000 56286001.355067 174223.320752
1808.000000 56533725.287739 -112288.460238
1816.000000 56230732.917041 -286856.361636
1824.000000 56590123.029698 310924.625754
1832.000000 56407309.412395 53383.950193
1840.000000 56161803.140392 184094.262380
1848.000000 56340934.582008 272550.611916
1856.000000 56432896.554041 197343.246340
1864.000000 56410662.342470 126034.117859
1872.000000 56576494.016483 -67064.421070
1880.000000 56218303.401261 151311.112947
1888.000000 56273759.644582 17462.311003
1896.000000 56474238.016616 -8096.795916
1904.000000 56560503.068376 181635.468033
1912.000000 56351018.094185 -180500.520553
1920.000000 56162197.801735 91779.599588
1928.000000 56533286.823546 40374.199093
1936.000000 56214994.381432 158812.409153
1944.000000 56247716.352456 -66590.870300
1952.000000 56197076.967609 -39556.613305
1960.000000 56324133.523028 113615.000988
1968.000000 56497968.559742 -191170.942501
1976.000000 56479684.566419 186177.624293
1984.000000 56370367.103246 164952.870483
1992.000000 56532851.480178 -153620.594448
2000.000000 56180066.492612 -38778.712688
2008.000000 56537264.806004 113084.362754
2016.000000 56330680.570437 119428.562738
2024.000000 56825159.673007 152464.183693
2032.000000 56407494.937561 43008.641792
2040.000000 56515855.314504 -109133.893937
2048.000000 56267382.887110 152792.519298
2056.000000 56291735.991430 20668.417988
2064.000000 56187861.980883 -128261.844840
2072.000000 56278305.807044 11827.756907
2080.000000 56213551.244390 147231.273480
2088.000000 56465756.740313 207308.866399
2096.000000 56421896.006810 -30561.780189
2104.000000 56377949.567605 -68433.333039
2112.000000 56405789.654348 -209301.595920
2120.000000 56175736.244362 134498.787750
2128.000000 56431649.111743 -60056.407025
2136.000000 56483377.512683 -131901.273802
2144.000000 56114170.861602 -162081.941514
2152.000000 56435324.881961 -130763.459363
2160.000000 56341042.687509 7891.250901
2168.000000 56557956.784622 49512.860130
2176.000000 56225067.625875 -96141.884585
2184.000000 56472478.283355 -184300.517499
2192.000000 56194280.862818 -204667.552818
2200.000000 56092304.006158 36781.068654
2208.000000 56165941.242008 26827.875977
2216.000000 56380758.193049 19850.543383
2224.000000 56310846.148818 225864.792772
2232.000000 56151570.012985 -270733.689171
2240.000000 56223743.590597 -60536.567628
2248.000000 56398391.650131 93309.507937
2256.000000 56416292.296146 70013.062151
2264.000000 56266109.137734 156702.515018
2272.000000 56173255.961186 -139438.350805
2280.000000 56038078.971004 3614.661318
2288.000000 56148026.821540 -299470.469964
2296.000000 56369641.971776 -52747.176482
2304.000000 56337702.450011 211043.669359
2312.000000 56540259.794359 -122082.546221
2320.000000 56247611.705608 -134635.400000
2328.000000 56231969.278767 -291591.925138
2336.000000 56184547.832822 -99344.645414
2344.000000 55951772.373947 39216.739635
2352.000000 56017005.528238 150457.390726
2360.000000 56118859.064189 -2600.481722
2368.000000 56201936.105788 273975.151992
2376.000000 55902590.903170 147969.074108
2384.000000 56309349.732744 202522.408384
2392.000000 56081474.123297 248908.164172
2400.000000 56096655.535630 137163.588767
2408.000000 56140923.245153 52967.946566
2416.000000 56034194.378660 -215537.873507
2424.000000 56226192.036427 -220727.593039
2432.000000 56379558.970046 368940.900606
2440.000000 56239949.738363 112247.478975
2448.000000 56351559.631549 -109256.251540
2456.000000 56387788.113081 -137312.169273
2464.000000 56194183.184201 -93760.778224
2472.000000 56037506.827746 125154.499973
2480.000000 56624436.818783 -359533.591759
2488.000000 56478899.325496 -423693.109905
2496.000000 56123265.916722 69832.192375
2504.000000 56364643.613654 -46518.366476
2512.000000 56379135.600918 6769.438087
2520.000000 56189659.514504 -55635.674454
2528.000000 56271912.961747 -86468.635286
2536.000000 56475688.360834 24846.634790
2544.000000 56150182.813093 312987.737849
2552.000000 56622612.385969 -94719.862504
2560.000000 56153341.993692 160631.377785
2568.000000 56102802.079760 83042.958354
2576.000000 56448334.845115 -22854.713491
2584.000000 56297829.744664 -401400.624033
2592.000000 56409740.769309 -110433.942870
2600.000000 56178748.724678 -279676.194339
2608.000000 56353335.809157 17411.003531
2616.000000 56031806.617613 -196362.947948
2624.000000 56342168.699064 -29428.910540
2632.000000 56445625.628771 -113103.919359
2640.000000 56558864.482830 -258163.861352
2648.000000 56326883.914909 -186922.878429
2656.000000 55857177.599235 138839.411538
2664.000000 56190188.308027 -114960.962312
2672.000000 56497110.203658 14303.882823
2680.000000 56226131.712587 -117865.750366
2688.000000 56129128.767983 77174.646739
2696.000000 56527667.177839 -6551.201183
2704.000000 56446093.553975 -326548.947548
2712.000000 56174228.542255 -119480.220380
2720.000000 56297254.519506 -155138.753586
2728.000000 56523974.159290 -53213.698834
2736.000000 56213062.650958 -110239.922861
2744.000000 56422091.840022 35554.533224
2752.000000 56219364.987253 174711.010814
2760.000000 56362327.621021 204203.866019
2768.000000 56434554.015269 155890.910987
2776.000000 56541099.382689 -95737.882313
2784.000000 56643666.268660 36547.741548
2792.000000 56319536.023092 175738.086217
2800.000000 56443545.965841 286541.130600
2808.000000 56298817.190284 32755.554654
2816.000000 56275727.127096 276702.839728
2824.000000 56187759.815782 -43618.285355
2832.000000 56425977.871825 -54733.284652
2840.000000 56453207.234904 2977.346875
2848.000000 56408784.229516 -57106.291641
2856.000000 56493335.462520 193107.934794
2864.000000 56379072.502279 -127487.841848
2872.000000 56117621.611529 243878.634521
2880.000000 56043850.940549 236514.136905
2888.000000 56084299.048251 319633.417661
2896.000000 56351753.441569 87856.733407
2904.000000 56162386.062063 58505.768909
2912.000000 56178902.108627 -89725.747332
2920.000000 56464797.345397 237719.081104
2928.000000 56097410.784701 310455.819922
2936.000000 56200838.070112 182984.708067
2944.000000 56178620.404195 117127.528525
2952.000000 56144145.500509 -288003.838547
2960.000000 56261727.580396 151863.789535
2968.000000 56233738.644169 -106295.789782
2976.000000 56138734.446828 -228322.087852
2984.000000 56407358.784162 -10429.642109
2992.000000 56287114.950295 138362.504313
3000.000000 56178798.425945 -181934.834405
3008.000000 56262795.131928 288983.082640
3016.000000 56397495.077789 248338.635084
3024.000000 56367990.798995 -51580.990627
3032.000000 56081372.467819 -52124.381655
3040.000000 56049606.870766 -41728.369106
3048.000000 56510291.484108 -76641.750820
3056.000000 56015545.411109 -270997.865882
3064.000000 55980586.263086 -51006.567496
3072.000000 56076015.781746 -258469.616645
3080.000000 56426254.638417 -164337.028358
3088.000000 56393843.743881 -154949.070945
3096.000000 56232851.908660 -122055.439465
3104.000000 56219924.705882 110979.315276
3112.000000 56065189.789586 156116.312738
3120.000000 56096300.299454 54470.305435
3128.000000 56404569.818562 -14339.493242
3136.000000 56109174.453658 -332591.545958
3144.000000 56366280.455876 -97944.968362
3152.000000 56300457.311845 -245836.024555
3160.000000 56214797.340345 82734.913855
3168.000000 56475507.820678 144323.944896
3176.000000 56194083.506369 -74966.625827
3184.000000 56094462.658313 -123735.741388
3192.000000 56141941.268774 49294.099821
3200.000000 56197209.797000 324176.962739
3208.000000 56104408.349649 126682.841237
3216.000000 56214151.181698 -14337.882999
3224.000000 56117198.816114 -70225.895897
3232.000000 56370978.205859 -186776.145378
3240.000000 56363038.428143 -29014.764205
3248.000000 55747538.961066 146279.424544
3256.000000 56004717.503076 9048.190804
3264.000000 56255447.423121 -98408.679957
3272.000000 56079850.630272 -27469.182700
3280.000000 56329281.659480 -74140.698782
3288.000000 56053867.263920 -192392.041689
3296.000000 56299556.421501 -137891.557663
3304.000000 56158040.503480 -6748.858166
3312.000000 56081160.863412 -179213.668353
3320.000000 56137348.443838 -181022.389124
3328.000000 56162560.458650 37055.803621
3336.000000 56027200.323850 -1293.927694
3344.000000 56127666.468246 -251493.978390
3352.000000 56358369.032748 -4632.124589
3360.000000 56377721.136393 -62623.003945
3368.000000 56373783.656717 -273746.846913
3376.000000 56257232.506245 -169307.837239
3384.000000 56358707.473709 -112974.479269
3392.000000 56121532.464786 153338.321308
3400.000000 55933556.385105 77009.499570
3408.000000 56173460.483237 35500.560875
3416.000000 56213698.895176 36723.438458
3424.000000 56017361.032432 -114565.930296
3432.000000 56246508.223106 31086.285737
3440.000000 56043939.839320 115945.231701
3448.000000 56296090.930052 -167638.548688
3456.000000 56180477.984729 248254.963139
3464.000000 56155589.961245 92232.470492
3472.000000 56167046.706936 24890.771878
3480.000000 56210012.788024 -40038.468260
3488.000000 56348291.948669 58296.249786
3496.000000 56467425.884781 318904.537349
3504.000000 55943185.128772 -34058.284366
3512.000000 56272001.262895 -33528.731924
3520.000000 56449483.288440 342981.004398
3528.000000 55950029.864616 77347.845274
3536.000000 55752516.179176 24197.157507
3544.000000 56198259.219789 -106826.813043
3552.000000 56060485.062926 -282157.468003
3560.000000 55700070.096485 -54285.982920
3568.000000 56442618.238678 148083.922271
3576.000000 56310173.931133 6695.916297
3584.000000 56128721.292487 -250669.296741
3592.000000 56350056.141076 -87803.747761
3600.000000 56250814.558991 278953.807387
3608.000000 56166747.841010 187360.515400
3616.000000 56138306.621916 -149709.456959
3624.000000 56311555.207941 -27754.239455
3632.000000 56580671.152254 3011.679198
3640.000000 56170108.389887 -235969.195864
3648.000000 56364486.824924 26538.813365
3656.000000 56357544.197378 -173672.903904
3664.000000 56405929.729257 -153498.106611
3672.000000 56100859.208101 110011.001289
3680.000000 56106594.826371 -25504.826304
3688.000000 56087730.345466 -78504.885551
3696.000000 55942914.789268 131715.504593
3704.000000 56117050.423858 298297.937591
3712.000000 56063164.569626 -262646.682964
3720.000000 56124855.812645 73400.826701
3728.000000 56370902.937353 194590.875912
3736.000000 56055102.286596 -129079.612949
3744.000000 56115138.744901 -77468.405724
3752.000000 56389532.243009 137684.345699
3760.000000 56546692.681774 161823.946261
3768.000000 55958794.718314 -77394.246145
3776.000000 56424247.176829 -121001.424636
3784.000000 56484833.263318 66788.849974
3792.000000 56170364.920961 156533.883527
3800.000000 56307068.974722 -198454.072052
3808.000000 55835101.279731 130028.958363
3816.000000 55918171.847535 -93249.785324
3824.000000 56240536.618018 -176169.766801
3832.000000 55839174.001070 35040.681040
3840.000000 56243331.723929 228146.347035
3848.000000 56244288.472255 -94008.572508
3856.000000 56444585.174158 118898.845522
3864.000000 55764199.644408 40742.099035
3872.000000 55766454.621408 -108595.332601
3880.000000 56232867.650358 -223696.814427
3888.000000 56228497.678143 52417.777014
3896.000000 56362883.092889 437039.459013
3904.000000 56369996.973389 267292.244752
3912.000000 56059321.666009 169578.571787
3920.000000 56453103.026474 126182.867071
3928.000000 56274551.216678 35381.073450
3936.000000 56155409.728651 65731.681594
3944.000000 56272593.778020 -69568.937679
3952.000000 56490288.335171 291022.241333
3960.000000 56359734.931596 -85630.687226
3968.000000 56333167.865126 143728.093703
3976.000000 56462901.818581 55805.913128
3984.000000 56443785.990505 -39113.125336
3992.000000 56133410.398126 61688.460917
4000.000000 55779869.445798 26645.229830
4008.000000 56133654.897412 -295233.496884
4016.000000 56104876.836543 224691.453109
4024.000000 56005062.839321 -269748.724688
4032.000000 55993550.832712 168413.561331
4040.000000 56207971.613897 395529.971176
4048.000000 56479504.405002 -174931.443286
4056.000000 56299550.450797 19071.470651
4064.000000 56133873.167691 126887.093022
4072.000000 56090339.200644 180523.503819
4080.000000 56149843.291131 -20155.168013
4088.000000 56017342.394384 -107989.078646
4096.000000 55840285.581911 -73786.021373
4104.000000 56169938.923061 177455.280201
4112.000000 56275430.950049 98733.745321
4120.000000 55926132.949965 -154036.443878
4128.000000 55941651.069225 37222.950348
4136.000000 56229714.359291 262338.666382
4144.000000 56164045.577872 95450.663377
4152.000000 56359921.805542 -11823.076866
4160.000000 55982878.224147 41011.229910
4168.000000 56053679.166171 -224425.064326