0.000000 51239760.773426 -2102275.009216
8.000000 51454268.720087 384355.615959
16.000000 51312195.787743 -1465195.303899
24.000000 51331970.571365 273100.516528
32.000000 51253467.820387 -1059700.194104
40.000000 51485856.983904 85497.097524
48.000000 51198744.326114 -864833.827420
56.000000 51341074.618695 -234434.747628
64.000000 51231672.257350 -956520.234529
72.000000 51379252.200406 -211391.481915
80.000000 51304242.055349 -712901.578519
88.000000 51446651.939714 -163360.913720
96.000000 51382796.366381 -417000.105668
104.000000 51237505.265814 -426702.735629
112.000000 51398145.171817 -452830.708673
120.000000 51366369.316107 -341494.069861
128.000000 51285086.332779 -370710.253308
136.000000 51349210.759825 -439882.659902
144.000000 51273422.436408 -408348.570638
152.000000 51093743.052693 -307674.132980
160.000000 51310050.418831 -219316.058044
168.000000 51445199.634267 -406194.752453
176.000000 51301793.530571 -257021.878937
184.000000 51453956.850965 -347632.224521
192.000000 51223594.790604 -299379.929371
200.000000 51174357.972544 -287884.513923
208.000000 51188866.247816 -219029.741033
216.000000 51148300.110211 -316593.151310
224.000000 51187337.724275 -235518.531310
232.000000 51286255.548723 -256245.863425
240.000000 51323681.345047 -426532.982711
248.000000 51176169.779626 -294040.123405
256.000000 51090394.774024 -64856.204824
264.000000 51269032.503484 -224333.545526
272.000000 51189594.545025 -230132.984531
280.000000 51120473.650832 -173198.925867
288.000000 51079562.339156 -256637.005675
296.000000 51138892.593090 -284917.225568
304.000000 51116848.153886 -180027.461720
312.000000 51028810.021877 -166900.715269
320.000000 51044685.876397 -303693.491969
328.000000 50928917.289645 -316744.892908
336.000000 50883888.580658 -289822.354914
344.000000 50878676.339212 -302229.164863
352.000000 50917527.564741 -250529.101614
360.000000 50813075.365647 -172374.939086
368.000000 50825185.548669 -203923.024974
376.000000 50837053.957401 -242263.522156
384.000000 50849722.777613 -96928.761759
392.000000 50820870.138397 -229126.447046
400.000000 50823247.532023 -189253.479906
408.000000 50619167.066327 -336374.793680
416.000000 50767703.126167 -235455.607857
424.000000 50626893.348826 -160799.141994
432.000000 50727401.264293 -234642.944018
440.000000 50648824.481600 -94392.540363
448.000000 50786565.520041 -210661.436418
456.000000 50464160.198113 -115316.038194
464.000000 50551649.921029 -203789.580738
472.000000 50504866.872481 -170873.820097
480.000000 50642732.703817 -267854.024757
488.000000 50401953.744204 -218361.354274
496.000000 50496301.686990 -234762.927889
504.000000 50451848.972998 -159566.618034
512.000000 50430043.234317 -201991.053264
520.000000 50331589.665070 39545.543929
528.000000 50226340.073299 -285998.304910
536.000000 50302639.591565 -54201.273649
544.000000 50405048.203356 -92880.831468
552.000000 50346056.131844 -145960.209052
560.000000 50300217.283120 -105918.225240
568.000000 50298551.429769 -139882.163742
576.000000 50256581.490904 -107961.080526
584.000000 50411011.285986 -131035.811465
592.000000 50353631.950690 -150796.527673
600.000000 50272442.364154 -82418.461401
608.000000 50241394.191646 -46772.440517
616.000000 50199004.771355 -108097.762402
624.000000 50206071.498787 -142754.233838
632.000000 50226630.262636 -214097.916593
640.000000 50206690.870344 -111701.385484
648.000000 50238597.596691 -110712.275343
656.000000 50359833.877288 -139253.785603
664.000000 50227389.048852 -56133.192213
672.000000 50169926.958027 -129558.405171
680.000000 50134476.611170 -25654.190917
688.000000 50036931.359028 -155167.090652
696.000000 50108124.226368 -126588.310799
704.000000 50252237.162613 -82332.696092
712.000000 50222077.124865 -75887.854664
720.000000 50115394.637411 -28084.201502
728.000000 50157115.614366 -110561.804565
736.000000 50084877.129104 -99372.650348
744.000000 50124613.085112 28555.817141
752.000000 50210561.809288 39116.021189
760.000000 50131511.018593 -13592.678961
768.000000 50026330.632149 -94858.651651
776.000000 50170206.350394 20367.295727
784.000000 50324321.385957 -51190.494020
792.000000 50243962.640188 -162735.755410
800.000000 50034282.058807 -168358.028956
808.000000 50238926.468562 -208553.671124
816.000000 50064966.076522 59989.623325
824.000000 50180692.169670 -319476.091907
832.000000 50183209.605196 -124903.515465
840.000000 50181243.260895 -8562.279306
848.000000 50095536.686948 58439.344908
856.000000 50152800.303103 -90165.140212
864.000000 50137110.064802 -123480.791159
872.000000 50014317.778894 -88814.903668
880.000000 50180543.889820 -153370.811272
888.000000 50121331.375648 -194151.607432
896.000000 50122749.988231 -32749.482556
904.000000 50049684.323287 -115298.370637
912.000000 50095758.496499 -42200.335644
920.000000 50253895.247832 -116265.692989
928.000000 50016124.131253 45037.157998
936.000000 50210737.334771 -15876.694263
944.000000 50263025.068664 -97480.068044
952.000000 50176558.756614 -53861.400187
960.000000 50064917.089144 -74064.342585
968.000000 49925442.601826 -29986.218904
976.000000 50110824.251744 -4928.609632
984.000000 50037912.968893 29902.202488
992.000000 49952641.669508 -85404.904987
1000.000000 50120996.700637 -46554.413835
1008.000000 50000853.134682 18126.353760
1016.000000 50028673.161497 -35119.724039
1024.000000 49995573.051886 -78205.626058
1032.000000 50003761.074797 -20692.359025
1040.000000 50135213.774713 -133620.770148
1048.000000 50109790.325787 -5969.267652
1056.000000 50028910.531564 -35518.136453
1064.000000 49994431.117306 -182423.152043
1072.000000 49972089.015290 -126447.303943
1080.000000 49978343.751777 -2465.983316
1088.000000 49977109.086930 -123491.922286
1096.000000 49999672.117059 -119493.264338
1104.000000 50009705.214594 -59794.968785
1112.000000 50129229.332326 20929.252340
1120.000000 50059624.229377 -98463.990134
1128.000000 49991287.215534 -16485.243138
1136.000000 49936554.487915 -190828.897595
1144.000000 50015610.907650 -194238.506163
1152.000000 49919414.331618 -100680.938560
1160.000000 50078864.169314 -140511.304914
1168.000000 50045060.990846 -169342.526853
1176.000000 50078590.643972 -124686.837470
1184.000000 49959737.346289 -47191.850516
1192.000000 49954563.238882 -170442.009196
1200.000000 49970759.025451 -139381.586607
1208.000000 50055975.338250 -175302.699145
1216.000000 49987029.057102 -138498.495405
1224.000000 50026967.909253 -152569.778853
1232.000000 49873958.040475 -1829.010812
1240.000000 49902473.864251 -37959.860434
1248.000000 49901653.939675 -161791.703627
1256.000000 49836682.875380 34774.970571
1264.000000 50000617.647454 -153815.915725
1272.000000 49826410.113795 -131765.304793
1280.000000 49995900.079946 -125071.977811
1288.000000 49933612.226395 -52919.198287
1296.000000 49893601.519367 -160074.228389
1304.000000 50000998.775204 -206817.438643
1312.000000 49909819.748598 -14678.725771
1320.000000 49903806.263809 66271.986602
1328.000000 49851082.633064 34965.912014
1336.000000 49917663.929364 -80895.844956
1344.000000 49866714.550748 -13944.804578
1352.000000 49915176.297898 -160593.512868
1360.000000 49790692.318169 -78583.303584
1368.000000 49882457.155359 -67405.884497
1376.000000 49929596.223647 35563.198193
1384.000000 49914688.405200 -145617.064667
1392.000000 49809092.456819 -210704.615671
1400.000000 49870168.735169 -111509.515586
1408.000000 49807564.947478 -127389.217213
1416.000000 49834520.145843 -138650.349177
1424.000000 49887980.980284 -155589.372493
1432.000000 49977787.393033 -139299.111563
1440.000000 49818586.084620 -3763.274967
1448.000000 49934279.135534 -109061.436729
1456.000000 49887577.277453 -42600.297671
1464.000000 49762837.938649 -204857.925510
1472.000000 49619978.325673 -14759.237502
1480.000000 49875781.283802 -99695.224966
1488.000000 49784085.944677 -73232.105654
1496.000000 49735516.192870 -105996.973842
1504.000000 49868535.842209 -1642.790620
1512.000000 49792165.001450 -216277.991731
1520.000000 49703886.109320 44770.885994
1528.000000 49702771.797503 -124638.517261
1536.000000 49826136.780638 102559.431731
1544.000000 49822607.298878 45602.483265
1552.000000 50008721.342003 -51989.586750
1560.000000 49817621.044276 -65697.461344
1568.000000 49747182.178267 -24335.272037
1576.000000 49742428.767270 55755.243243
1584.000000 49669662.976036 -42579.179474
1592.000000 49592923.348790 -14629.180474
1600.000000 49782972.025359 -80697.995269
1608.000000 49713483.744565 -44385.798016
1616.000000 49577984.038968 38153.281377
1624.000000 49672469.773460 54745.691311
1632.000000 49618553.566412 -4290.121443
1640.000000 49574329.266739 -25885.658285
1648.000000 49811693.108711 -67769.019437
1656.000000 49696502.590317 -109544.065722
1664.000000 49688551.348256 -140482.079777
1672.000000 49614504.230288 21119.307239
1680.000000 49726681.882394 19766.128407
1688.000000 49702019.574004 52540.609729
1696.000000 49684764.549891 13131.962608
1704.000000 49696801.403288 -114691.761110
1712.000000 49658975.378239 5080.387701
1720.000000 49755243.404077 88549.031138
1728.000000 49637004.894260 7602.949045
1736.000000 49782465.200234 -201165.803128
1744.000000 49713033.244989 -89064.057272
1752.000000 49725464.399453 60142.556039
1760.000000 49833897.051736 -20430.837236
1768.000000 49705356.878638 -100164.573821
1776.000000 49530300.343594 -116175.903205
1784.000000 49664537.695645 22042.714726
1792.000000 49755115.485685 133729.164537
1800.000000 49638730.917103 29194.947335
1808.000000 49606481.652754 33462.748522
1816.000000 49656540.235212 -95753.104609
1824.000000 49625193.139153 -58943.100171
1832.000000 49605392.369561 96075.284960
1840.000000 49598696.250686 105878.066402
1848.000000 49546068.908679 -5220.662318
1856.000000 49569696.371118 6406.830132
1864.000000 49649710.257414 -52755.800504
1872.000000 49730134.439610 -114933.154058
1880.000000 49690818.064942 -67158.348691
1888.000000 49657938.396873 -51882.707699
1896.000000 49651036.725697 -54479.469525
1904.000000 49517830.670721 15228.350545
1912.000000 49858383.415953 -15466.662333
1920.000000 49577537.385860 -31509.570776
1928.000000 49645330.651363 -117582.220279
1936.000000 49717008.618722 -10013.185268
1944.000000 49577565.385142 79678.230251
1952.000000 49709065.647229 -91344.377647
1960.000000 49720050.938423 80718.052963
1968.000000 49563520.678575 -25294.186486
1976.000000 49606010.522287 80397.214122
1984.000000 49546248.717637 51743.642705
1992.000000 49654588.709772 -17555.751319
2000.000000 49746788.347854 -106709.403502
2008.000000 49518349.331957 -37087.909256
2016.000000 49677409.947904 -15887.759075
2024.000000 49599409.075423 -34253.563064
2032.000000 49582204.925586 20554.846641
2040.000000 49743611.887473 -53198.632629
2048.000000 49608260.897915 -79686.764135
2056.000000 49612616.412671 85259.862909
2064.000000 49599638.231784 -1146.931835
2072.000000 49774826.517939 -63844.142004
2080.000000 49654005.751915 -87606.055424
2088.000000 49609057.147616 87662.433671
2096.000000 49683128.899621 -215367.748398
2104.000000 49694154.278119 106200.667627
2112.000000 49568327.038552 -14594.848713
2120.000000 49700961.983390 31467.502908
2128.000000 49503426.350800 -159232.421692
2136.000000 49605147.771316 -13591.921154
2144.000000 49516962.833626 35079.168885
2152.000000 49693750.507721 -85669.884995
2160.000000 49613303.038982 -107639.132719
2168.000000 49487516.411477 -56931.041938
2176.000000 49647696.394652 -86459.380696
2184.000000 49546337.280401 -85094.510332
2192.000000 49472255.176441 -14324.825276
2200.000000 49591147.958677 -31400.880446
2208.000000 49595909.247748 46259.426895
2216.000000 49597186.724962 -127235.084709
2224.000000 49642834.101602 -92774.941502
2232.000000 49534091.017700 -49062.995476
2240.000000 49572584.569584 -4332.860674
2248.000000 49568764.413969 -138473.100141
2256.000000 49548378.544714 -51410.065317
2264.000000 49491195.340962 -102790.123207
2272.000000 49553185.898108 -130207.668297
2280.000000 49596084.407203 -59232.327210
2288.000000 49719004.142365 -161134.107546
2296.000000 49615861.242908 -16091.676432
2304.000000 49548638.474261 -54209.753448
2312.000000 49737384.002182 -118874.049961
2320.000000 49590059.420764 -156337.151489
2328.000000 49670659.655132 -123965.908636
2336.000000 49493089.161933 -60259.414264
2344.000000 49588900.673400 -151034.063564
2352.000000 49431537.639825 -96677.744623
2360.000000 49511981.259853 24892.858525
2368.000000 49646855.132624 31324.852303
2376.000000 49590006.936310 -11327.576584
2384.000000 49547508.533419 29398.090369
2392.000000 49636761.290157 -135394.378220
2400.000000 49486624.426145 -113745.661246
2408.000000 49428768.767588 -164855.970117
2416.000000 49622678.315168 -112877.907905
2424.000000 49494795.888659 -90486.991886
2432.000000 49514237.141299 -104520.022414
2440.000000 49614059.337758 -103674.718871
2448.000000 49647677.649756 -71540.346256
2456.000000 49520107.274813 3242.962616
2464.000000 49339939.965989 -22354.226999
2472.000000 49575315.348461 -75267.163566
2480.000000 49607543.004223 -87225.205131
2488.000000 49475031.963393 -89085.239021
2496.000000 49469936.906066 90548.927548
2504.000000 49575443.844679 -125114.626036
2512.000000 49525784.706404 -217490.695875
2520.000000 49540378.808448 -4041.711781
2528.000000 49396433.491737 -17894.574364
2536.000000 49370782.720593 46361.643209
2544.000000 49360744.746763 6000.110887
2552.000000 49528320.582193 -209257.747072
2560.000000 49358487.116591 -201706.335898
2568.000000 49466059.652452 -136013.430509
2576.000000 49404880.068885 -107664.044845
2584.000000 49573365.288554 -134597.719120
2592.000000 49553280.881906 -218740.704589
2600.000000 49568913.432371 -149936.629724
2608.000000 49418936.085731 -148316.574193
2616.000000 49469989.381472 -134711.134141
2624.000000 49446297.691789 -8472.271346
2632.000000 49487320.624878 -13590.123020
2640.000000 49448030.496502 -83326.738720
2648.000000 49528420.672646 -26605.834236
2656.000000 49379985.594015 -20850.121273
2664.000000 49348511.135197 -148325.191397
2672.000000 49517430.800621 -260331.793645
2680.000000 49535193.017070 -60349.617530
2688.000000 49436317.409354 -167138.964746
2696.000000 49391916.650920 21640.652574
2704.000000 49509818.937576 -205808.955476
2712.000000 49379507.942819 -27150.788645
2720.000000 49416186.217850 -97594.839684
2728.000000 49510795.528244 -4597.691429
2736.000000 49329149.199939 7900.746808
2744.000000 49303517.389158 -41981.749181
2752.000000 49399762.057633 -45138.750789
2760.000000 49444793.962777 -99674.329810
2768.000000 49437436.664197 7819.300065
2776.000000 49416151.449754 -129825.777930
2784.000000 49443784.114883 -282375.824897
2792.000000 49345757.441485 -137258.321021
2800.000000 49287098.440446 -221765.020158
2808.000000 49380761.131163 -88308.347385
2816.000000 49262899.838079 13046.960855
2824.000000 49304933.724964 -34152.879858
2832.000000 49381075.873022 -45272.559085
2840.000000 49357079.317164 -23022.273627
2848.000000 49537214.171198 -97195.383379
2856.000000 49455179.037513 -131080.407243
2864.000000 49389009.564304 -35615.608913
2872.000000 49494726.710205 -98400.093449
2880.000000 49532523.954441 -152992.475272
2888.000000 49389365.280874 -128794.775145
2896.000000 49362251.292433 -221747.579728
2904.000000 49391045.945917 -12541.350378
2912.000000 49497477.956194 -55415.467843
2920.000000 49544681.783254 -128625.030134
2928.000000 49502135.503964 -53569.076016
2936.000000 49397006.975677 11105.071533
2944.000000 49385543.305071 -94938.911517
2952.000000 49386139.033647 -109507.844782
2960.000000 49377927.733235 65763.315594
2968.000000 49291851.720364 -53962.690070
2976.000000 49284059.368441 -66013.612504
2984.000000 49482047.769341 -51779.967370
2992.000000 49280327.868254 -24391.519472
3000.000000 49359060.605047 11577.216649
3008.000000 49302712.353942 -132724.951479
3016.000000 49521678.142013 -23450.483120
3024.000000 49486182.466324 -102121.174139
3032.000000 49442543.259680 6741.893651
3040.000000 49336440.415917 -90748.949378
3048.000000 49236001.192184 -146205.324394
3056.000000 49418955.561338 -17467.473812
3064.000000 49458434.591280 -96425.894641
3072.000000 49429670.882918 -66885.390324
3080.000000 49317779.364145 -91371.194304
3088.000000 49460854.180802 3153.457690
3096.000000 49261231.547939 -225995.709112
3104.000000 49368507.385745 -105297.510202
3112.000000 49369967.295908 -167719.729406
3120.000000 49225875.191360 -93187.529821
3128.000000 49287452.420112 -97591.848179
3136.000000 49374043.191142 1010.609298
3144.000000 49272879.961714 -45095.493008
3152.000000 49439396.669140 -383.959630
3160.000000 49416514.573131 -92269.963647
3168.000000 49418486.616552 -30099.957843
3176.000000 49364742.034376 -43322.199093
3184.000000 49456564.227789 -25754.211935
3192.000000 49319342.039862 -34672.071342
3200.000000 49290698.001749 -190954.875491
3208.000000 49401689.480548 -35286.300489
3216.000000 49375890.837725 -62025.057107
3224.000000 49177691.997608 -130691.978463
3232.000000 49516940.530846 15528.989868
3240.000000 49268152.621662 -138752.399096
3248.000000 49338283.761070 -53961.752357
3256.000000 49208180.514365 -121621.110867
3264.000000 49428364.048827 -216754.624384
3272.000000 49324891.014776 21803.577423
3280.000000 49324483.631959 -1887.550563
3288.000000 49215188.790830 -52784.555825
3296.000000 49283251.958982 -34856.036251
3304.000000 49250065.407975 -1142.889493
3312.000000 49282306.365262 -7155.520470
3320.000000 49309984.594108 -42389.613305
3328.000000 49285750.651331 -197071.885940
3336.000000 49230261.760582 94638.997760
3344.000000 49319742.445084 -153491.578834
3352.000000 49319722.582779 3050.363946
3360.000000 49332023.959405 -27519.000834
3368.000000 49291194.324148 25138.137930
3376.000000 49388750.223548 36903.954402
3384.000000 49228738.045693 48707.822749
3392.000000 49392614.054736 -143400.731512
3400.000000 49320514.294954 -105983.008820
3408.000000 49261702.092620 39120.925222
3416.000000 49311018.661421 -55844.255248
3424.000000 49421480.908329 -85177.252128
3432.000000 49298500.033288 -3402.765770
3440.000000 49330464.772184 45038.983366
3448.000000 49273371.824838 136068.123093
3456.000000 49259218.574268 -37109.008548
3464.000000 49272791.192905 -55724.577122
3472.000000 49273816.761890 65883.193371
3480.000000 49359410.774460 -43260.939761
3488.000000 49207781.084911 -149382.599248
3496.000000 49270849.115695 1809.099565
3504.000000 49294384.244691 -74625.363337
3512.000000 49209747.635389 2277.015579
3520.000000 49361183.669988 -96626.264068
3528.000000 49205099.416562 -158154.029739
3536.000000 49418107.519203 -11403.859581
3544.000000 49337013.678725 -106286.810034
3552.000000 49409984.039805 -16712.456333
3560.000000 49222897.761963 50557.931923
3568.000000 49332973.846987 25514.446787
3576.000000 49139082.742382 82810.858218
3584.000000 49306342.633025 58104.134050
3592.000000 49257000.120613 114347.179610
3600.000000 49229639.943125 -96966.118466
3608.000000 49311637.633857 9175.306471
3616.000000 49229933.902413 -41376.198652
3624.000000 49125516.628267 -160176.370742
3632.000000 49107679.971722 -39410.413203
3640.000000 49194428.591474 -86062.778204
3648.000000 49249675.082665 -2929.469229
3656.000000 49349389.916419 -114746.093724
3664.000000 49267040.110272 -34707.555959
3672.000000 49328725.093042 60843.127585
3680.000000 49344263.466473 51746.871701
3688.000000 49087267.639422 -666.928344
3696.000000 49154839.977094 -8920.425449
3704.000000 49169840.782616 20836.464135
3712.000000 49405497.827918 80128.501050
3720.000000 49286258.591893 -139223.538130
3728.000000 49251287.248654 2973.368802
3736.000000 49214427.131351 -3931.683363
3744.000000 49163382.790192 -199067.698131
3752.000000 49196807.227538 102495.465465
3760.000000 49236401.017196 48746.458735
3768.000000 49249660.098198 -33077.954688
3776.000000 49192941.035169 -34512.972149
3784.000000 49207158.479119 -134443.639477
3792.000000 49210918.837529 -161426.057950
3800.000000 49319194.823246 35498.591554
3808.000000 49245813.466670 34389.064128
3816.000000 49294722.104520 2714.600839
3824.000000 49162068.601244 -132292.710805
3832.000000 49190658.223259 -43798.832949
3840.000000 49097712.281835 -66541.814832
3848.000000 49219584.415939 -148645.444826
3856.000000 49160205.365864 67067.949013
3864.000000 49273138.782620 -82155.715413
3872.000000 49166276.356781 27986.238849
3880.000000 49210959.200893 6525.880136
3888.000000 49191393.527409 -146477.661189
3896.000000 49204739.074096 -125476.565298
3904.000000 49353071.447145 -31751.111517
3912.000000 49296859.885625 -41905.968554
3920.000000 49217526.853731 -92585.413691
3928.000000 49281412.268830 -22280.733744
3936.000000 49300777.549408 61509.228078
3944.000000 49214273.100747 107594.243558
3952.000000 49174258.466021 -27602.368410
3960.000000 49186825.979772 104386.816052
3968.000000 49210841.193679 -84365.759096
3976.000000 49177508.071967 -56670.495856
3984.000000 49195487.749112 -72237.216729
3992.000000 49034606.037210 -129352.888547
4000.000000 49143166.100264 38020.592028
4008.000000 49095935.273787 -81011.018901
4016.000000 49248541.999395 -225857.550725
4024.000000 49217931.153979 -77250.856922
4032.000000 49235216.711187 -218806.900813
4040.000000 49252935.219017 -63141.727649
4048.000000 49110132.908969 -169261.615954
4056.000000 49157970.520200 -116665.511415
4064.000000 49217444.552793 -12491.048867
4072.000000 49261917.083793 -150617.270460
4080.000000 49131170.488089 55888.345371
4088.000000 49086840.086687 -154193.736503
4096.000000 49087687.467353 -47985.909287
4104.000000 49208159.952030 -34682.767789
4112.000000 49225050.900528 22031.638660
4120.000000 49417100.920873 1313.903501
4128.000000 49255365.205055 -132827.972582
4136.000000 49231297.287056 -56157.099278
4144.000000 49164806.464900 -126632.940174
4152.000000 49126755.885001 -64446.731974
4160.000000 49245386.809038 -43157.597775
4168.000000 49165302.375693 -5220.592810