0.0000000       1.0000000       1.0000000       
0.0080000       0.9759317       0.9821947       
0.0160000       0.9261822       0.9339301       
0.0240000       0.8617941       0.8688569       
0.0320000       0.8040001       0.8044104       
0.0400000       0.7524888       0.7559866       
0.0480000       0.7337928       0.7321813       
0.0560000       0.7322969       0.7327738       
0.0640000       0.7464863       0.7499922       
0.0720000       0.7664291       0.7723122       
0.0800000       0.7759761       0.7891217       
0.0880000       0.7838541       0.7943985       
0.0960000       0.7789079       0.7881134       
0.1040000       0.7748685       0.7751070       
0.1120000       0.7611698       0.7622225       
0.1200000       0.7564385       0.7550911       
0.1280000       0.7630022       0.7559317       
0.1360000       0.7678357       0.7631371       
0.1440000       0.7764443       0.7725641       
0.1520000       0.7801409       0.7797318       
0.1600000       0.7829744       0.7818476       
0.1680000       0.7776549       0.7787944       
0.1760000       0.7706938       0.7727842       
0.1840000       0.7664593       0.7670145       
0.1920000       0.7654142       0.7640653       
0.2000000       0.7676195       0.7647994       
0.2080000       0.7724935       0.7682026       
0.2160000       0.7757792       0.7721186       
0.2240000       0.7750192       0.7744239       
0.2320000       0.7781322       0.7740440       
0.2400000       0.7780647       0.7713533       
0.2480000       0.7713993       0.7678426       
0.2560000       0.7744725       0.7652945       
0.2640000       0.7708766       0.7649088       
0.2720000       0.7700747       0.7667927       
0.2800000       0.7745863       0.7700158       
0.2880000       0.7723541       0.7731415       
0.2960000       0.7743857       0.7749327       
0.3040000       0.7748043       0.7748839       
0.3120000       0.7708966       0.7733515       
0.3200000       0.7714504       0.7712694       
0.3280000       0.7688274       0.7696331       
0.3360000       0.7697536       0.7690240       
0.3440000       0.7714088       0.7693954       
0.3520000       0.7726359       0.7701909       
0.3600000       0.7729484       0.7707013       
0.3680000       0.7739879       0.7704586       
0.3760000       0.7702234       0.7694718       
0.3840000       0.7709167       0.7682012       
0.3920000       0.7703322       0.7673062       
0.4000000       0.7724145       0.7673041       
0.4080000       0.7707203       0.7683115       
0.4160000       0.7734846       0.7699863       
0.4240000       0.7685599       0.7716862       
0.4320000       0.7731755       0.7727598       
0.4400000       0.7736796       0.7728308       
0.4480000       0.7706736       0.7719506       
0.4560000       0.7698052       0.7705596       
0.4640000       0.7718003       0.7692862       
0.4720000       0.7707845       0.7686778       
0.4800000       0.7658660       0.7689811       
0.4880000       0.7756772       0.7700555       
0.4960000       0.7707736       0.7714470       
0.5040000       0.7729293       0.7725798       
0.5120000       0.7697935       0.7729844       
0.5200000       0.7710640       0.7724717       
0.5280000       0.7725222       0.7711932       
0.5360000       0.7720628       0.7695734       
0.5440000       0.7686722       0.7681485       
0.5520000       0.7692363       0.7673772       
0.5600000       0.7691101       0.7674907       
0.5680000       0.7728502       0.7684321       
0.5760000       0.7712282       0.7698984       
0.5840000       0.7694882       0.7714613       
0.5920000       0.7722391       0.7727169       
0.6000000       0.7706041       0.7734110       
0.6080000       0.7714709       0.7734966       
0.6160000       0.7688428       0.7731106       
0.6240000       0.7720508       0.7724895       
0.6320000       0.7705738       0.7718637       
0.6400000       0.7701901       0.7713759       
0.6480000       0.7721091       0.7710547       
0.6560000       0.7727297       0.7708465       
0.6640000       0.7685068       0.7706823       
0.6720000       0.7694152       0.7705408       
0.6800000       0.7699856       0.7704711       
0.6880000       0.7696458       0.7705636       
0.6960000       0.7717254       0.7708834       
0.7040000       0.7711881       0.7714036       
0.7120000       0.7694068       0.7719776       
0.7200000       0.7699824       0.7723745       
0.7280000       0.7699474       0.7723680       
0.7360000       0.7675936       0.7718431       
0.7440000       0.7701449       0.7708692       
0.7520000       0.7715699       0.7697016       
0.7600000       0.7725871       0.7687028       
0.7680000       0.7692959       0.7682118       
0.7760000       0.7715254       0.7684143       
0.7840000       0.7712147       0.7692679       
0.7920000       0.7677080       0.7705160       
0.8000000       0.7658435       0.7717817       
0.8080000       0.7698605       0.7727047       
0.8160000       0.7694236       0.7730632       
0.8240000       0.7686470       0.7728340       
0.8320000       0.7731752       0.7721749       
0.8400000       0.7703362       0.7713422       
0.8480000       0.7675975       0.7705883       
0.8560000       0.7696658       0.7700803       
0.8640000       0.7693649       0.7698697       
0.8720000       0.7731308       0.7699140       
0.8800000       0.7687685       0.7701273       
0.8880000       0.7704138       0.7704296       
0.8960000       0.7665767       0.7707719       
0.9040000       0.7725883       0.7711300       
0.9120000       0.7713210       0.7714824       
0.9200000       0.7693644       0.7717909       
0.9280000       0.7712131       0.7720007       
0.9360000       0.7666082       0.7720596       
0.9440000       0.7691747       0.7719444       
0.9520000       0.7684583       0.7716766       
0.9600000       0.7718014       0.7713144       
0.9680000       0.7729217       0.7709252       
0.9760000       0.7715241       0.7705522       
0.9840000       0.7704666       0.7701970       
0.9920000       0.7708930       0.7698283       
1.0000000       0.7696758       0.7694163       
1.0080000       0.7714482       0.7689720       
1.0160000       0.7750037       0.7685693       
1.0240000       0.7673872       0.7683319       
1.0320000       0.7736853       0.7683869       
1.0400000       0.7718354       0.7688028       
1.0480000       0.7689847       0.7695421       
1.0560000       0.7714816       0.7704539       
1.0640000       0.7690156       0.7713141       
1.0720000       0.7710703       0.7719012       
1.0800000       0.7700085       0.7720760       
1.0880000       0.7715379       0.7718333       
1.0960000       0.7705543       0.7713024       
1.1040000       0.7726125       0.7706977       
1.1120000       0.7677110       0.7702377       
1.1200000       0.7710084       0.7700679       
1.1280000       0.7705427       0.7702151       
1.1360000       0.7686856       0.7705908       
1.1440000       0.7715354       0.7710383       
1.1520000       0.7716126       0.7714015       
1.1600000       0.7698433       0.7715874       
1.1680000       0.7746659       0.7715975       
1.1760000       0.7716577       0.7715181       
1.1840000       0.7723814       0.7714765       
1.1920000       0.7713121       0.7715801       
1.2000000       0.7696047       0.7718655       
1.2080000       0.7737730       0.7722735       
1.2160000       0.7710638       0.7726628       
1.2240000       0.7714790       0.7728559       
1.2320000       0.7707861       0.7727024       
1.2400000       0.7695417       0.7721377       
1.2480000       0.7738815       0.7712163       
1.2560000       0.7733751       0.7701074       
1.2640000       0.7734346       0.7690498       
1.2720000       0.7679844       0.7682822       
1.2800000       0.7702391       0.7679685       
1.2880000       0.7724687       0.7681451       
1.2960000       0.7756188       0.7687097       
1.3040000       0.7704081       0.7694561       
1.3120000       0.7691354       0.7701444       
1.3200000       0.7736520       0.7705813       
1.3280000       0.7682241       0.7706827       
1.3360000       0.7705764       0.7704936       
1.3440000       0.7687682       0.7701607       
1.3520000       0.7715707       0.7698682       
1.3600000       0.7714854       0.7697633       
1.3680000       0.7704081       0.7699015       
1.3760000       0.7738825       0.7702322       
1.3840000       0.7697935       0.7706276       
1.3920000       0.7743419       0.7709429       
1.4000000       0.7700504       0.7710786       
1.4080000       0.7695853       0.7710217       
1.4160000       0.7714245       0.7708482       
1.4240000       0.7708313       0.7706882       
1.4320000       0.7727465       0.7706701       
1.4400000       0.7697691       0.7708672       
1.4480000       0.7699455       0.7712670       
1.4560000       0.7739539       0.7717746       
1.4640000       0.7705776       0.7722455       
1.4720000       0.7736592       0.7725354       
1.4800000       0.7709713       0.7725477       
1.4880000       0.7715840       0.7722634       
1.4960000       0.7687067       0.7717476       
1.5040000       0.7724313       0.7711301       
1.5120000       0.7726677       0.7705712       
1.5200000       0.7721287       0.7702191       
1.5280000       0.7688892       0.7701726       
1.5360000       0.7724773       0.7704548       
1.5440000       0.7657107       0.7710053       
1.5520000       0.7696045       0.7716934       
1.5600000       0.7702545       0.7723509       
1.5680000       0.7712596       0.7728174       
1.5760000       0.7698476       0.7729871       
1.5840000       0.7713853       0.7728436       
1.5920000       0.7720015       0.7724682       
1.6000000       0.7668188       0.7720168       
1.6080000       0.7724630       0.7716706       
1.6160000       0.7722388       0.7715734       
1.6240000       0.7729516       0.7717780       
1.6320000       0.7714374       0.7722226       
1.6400000       0.7711997       0.7727461       
1.6480000       0.7732418       0.7731415       
1.6560000       0.7750286       0.7732282       
1.6640000       0.7694310       0.7729188       
1.6720000       0.7727157       0.7722554       
1.6800000       0.7720122       0.7714015       
1.6880000       0.7714889       0.7705912       
1.6960000       0.7725196       0.7700528       
1.7040000       0.7715755       0.7699339       
1.7120000       0.7690272       0.7702532       
1.7200000       0.7701945       0.7708961       
1.7280000       0.7699303       0.7716546       
1.7360000       0.7718112       0.7722966       
1.7440000       0.7700481       0.7726408       
1.7520000       0.7720834       0.7726123       
1.7600000       0.7663731       0.7722594       
1.7680000       0.7738614       0.7717305       
1.7760000       0.7668737       0.7712174       
1.7840000       0.7708233       0.7708881       
1.7920000       0.7678509       0.7708294       
