0.0000000       1.0000000       1.0000000       
0.0080000       0.9834649       0.9919952       
0.0160000       0.9538083       0.9692913       
0.0240000       0.9201907       0.9354961       
0.0320000       0.8822777       0.8956440       
0.0400000       0.8481870       0.8550530       
0.0480000       0.8132871       0.8182502       
0.0560000       0.7839555       0.7882594       
0.0640000       0.7616891       0.7663962       
0.0720000       0.7437596       0.7525356       
0.0800000       0.7400480       0.7456662       
0.0880000       0.7453577       0.7444810       
0.0960000       0.7508909       0.7477930       
0.1040000       0.7618169       0.7546714       
0.1120000       0.7740794       0.7643307       
0.1200000       0.7825805       0.7759032       
0.1280000       0.7925356       0.7882562       
0.1360000       0.8038304       0.7999744       
0.1440000       0.8089351       0.8095346       
0.1520000       0.8180103       0.8156109       
0.1600000       0.8169892       0.8173886       
0.1680000       0.8136132       0.8147658       
0.1760000       0.8038751       0.8083696       
0.1840000       0.7929090       0.7993912       
0.1920000       0.7853083       0.7893039       
0.2000000       0.7791955       0.7795627       
0.2080000       0.7675549       0.7713709       
0.2160000       0.7637764       0.7655574       
0.2240000       0.7616231       0.7625600       
0.2320000       0.7656936       0.7624733       
0.2400000       0.7682877       0.7651133       
0.2480000       0.7723393       0.7700647       
0.2560000       0.7805490       0.7767083       
0.2640000       0.7893292       0.7842475       
0.2720000       0.7958461       0.7917610       
0.2800000       0.8016544       0.7982998       
0.2880000       0.8020325       0.8030196       
0.2960000       0.8050711       0.8053205       
0.3040000       0.8041076       0.8049558       
0.3120000       0.8020091       0.8020746       
0.3200000       0.7948998       0.7971873       
0.3280000       0.7888854       0.7910627       
0.3360000       0.7831689       0.7845878       
0.3440000       0.7775617       0.7786247       
0.3520000       0.7738282       0.7738948       
0.3600000       0.7710008       0.7709057       
0.3680000       0.7755305       0.7699200       
0.3760000       0.7744245       0.7709561       
0.3840000       0.7784695       0.7738088       
0.3920000       0.7824971       0.7780819       
0.4000000       0.7837192       0.7832307       
0.4080000       0.7876549       0.7886177       
0.4160000       0.7908173       0.7935820       
0.4240000       0.7970682       0.7975201       
0.4320000       0.7994498       0.7999657       
0.4400000       0.7995925       0.8006567       
0.4480000       0.7953653       0.7995708       
0.4560000       0.7929048       0.7969248       
0.4640000       0.7871839       0.7931340       
0.4720000       0.7836566       0.7887416       
0.4800000       0.7815397       0.7843333       
0.4880000       0.7761853       0.7804528       
0.4960000       0.7796934       0.7775331       
0.5040000       0.7761727       0.7758522       
0.5120000       0.7776495       0.7755142       
0.5200000       0.7788767       0.7764559       
0.5280000       0.7805514       0.7784713       
0.5360000       0.7818192       0.7812476       
0.5440000       0.7856004       0.7844089       
0.5520000       0.7899612       0.7875606       
0.5600000       0.7908731       0.7903322       
0.5680000       0.7921065       0.7924155       
0.5760000       0.7940062       0.7935944       
0.5840000       0.7940694       0.7937655       
0.5920000       0.7878428       0.7929460       
0.6000000       0.7867603       0.7912689       
0.6080000       0.7851311       0.7889660       
0.6160000       0.7842277       0.7863394       
0.6240000       0.7809911       0.7837245       
0.6320000       0.7780995       0.7814488       
0.6400000       0.7780919       0.7797912       
0.6480000       0.7801582       0.7789463       
0.6560000       0.7759632       0.7790006       
0.6640000       0.7808099       0.7799222       
0.6720000       0.7805829       0.7815688       
0.6800000       0.7852105       0.7837096       
0.6880000       0.7867377       0.7860614       
0.6960000       0.7868091       0.7883286       
0.7040000       0.7892278       0.7902446       
0.7120000       0.7888335       0.7916041       
0.7200000       0.7889912       0.7922846       
0.7280000       0.7879784       0.7922541       
0.7360000       0.7865414       0.7915671       
0.7440000       0.7862731       0.7903494       
0.7520000       0.7840694       0.7887788       
0.7600000       0.7817532       0.7870614       
0.7680000       0.7817130       0.7854085       
0.7760000       0.7814669       0.7840133       
0.7840000       0.7828531       0.7830310       
0.7920000       0.7789740       0.7825612       
0.8000000       0.7791956       0.7826365       
0.8080000       0.7785715       0.7832177       
0.8160000       0.7831861       0.7841995       
0.8240000       0.7828601       0.7854248       
0.8320000       0.7827163       0.7867079       
0.8400000       0.7854763       0.7878621       
0.8480000       0.7882847       0.7887271       
0.8560000       0.7873826       0.7891924       
0.8640000       0.7870559       0.7892103       
0.8720000       0.7855012       0.7887983       
0.8800000       0.7835340       0.7880308       
0.8880000       0.7844616       0.7870224       
0.8960000       0.7837660       0.7859065       
0.9040000       0.7823583       0.7848145       
0.9120000       0.7807988       0.7838591       
0.9200000       0.7829698       0.7831237       
0.9280000       0.7825877       0.7826591       
0.9360000       0.7863710       0.7824848       
0.9440000       0.7860349       0.7825947       
0.9520000       0.7867991       0.7829619       
0.9600000       0.7863827       0.7835429       
0.9680000       0.7877919       0.7842791       
0.9760000       0.7914218       0.7850980       
0.9840000       0.7876354       0.7859158       
0.9920000       0.7874502       0.7866427       
1.0000000       0.7888512       0.7871935       
1.0080000       0.7904022       0.7875010       
1.0160000       0.7899970       0.7875292       
1.0240000       0.7897552       0.7872839       
1.0320000       0.7897159       0.7868147       
1.0400000       0.7880193       0.7862082       
1.0480000       0.7871196       0.7855724       
1.0560000       0.7852494       0.7850160       
1.0640000       0.7866484       0.7846280       
1.0720000       0.7877984       0.7844619       
1.0800000       0.7881637       0.7845283       
1.0880000       0.7851923       0.7847971       
1.0960000       0.7863105       0.7852077       
1.1040000       0.7868848       0.7856829       
1.1120000       0.7878604       0.7861444       
1.1200000       0.7894273       0.7865263       
1.1280000       0.7878115       0.7867833       
1.1360000       0.7879776       0.7868955       
1.1440000       0.7884933       0.7868679       
1.1520000       0.7881478       0.7867262       
1.1600000       0.7885288       0.7865095       
1.1680000       0.7875331       0.7862612       
1.1760000       0.7873209       0.7860205       
1.1840000       0.7867192       0.7858140       
1.1920000       0.7861951       0.7856524       
1.2000000       0.7858692       0.7855300       
1.2080000       0.7853518       0.7854300       
1.2160000       0.7848103       0.7853313       
1.2240000       0.7855158       0.7852166       
1.2320000       0.7858637       0.7850781       
1.2400000       0.7860088       0.7849190       
1.2480000       0.7885805       0.7847518       
1.2560000       0.7863790       0.7845929       
1.2640000       0.7880475       0.7844571       
1.2720000       0.7872746       0.7843538       
1.2800000       0.7870401       0.7842853       
1.2880000       0.7876900       0.7842486       
1.2960000       0.7868846       0.7842383       
1.3040000       0.7871458       0.7842501       
1.3120000       0.7861658       0.7842829       
1.3200000       0.7840302       0.7843397       
1.3280000       0.7879197       0.7844268       
1.3360000       0.7869186       0.7845527       
1.3440000       0.7853754       0.7847264       
1.3520000       0.7847818       0.7849545       
1.3600000       0.7885512       0.7852396       
1.3680000       0.7869861       0.7855759       
1.3760000       0.7867696       0.7859466       
1.3840000       0.7866199       0.7863221       
1.3920000       0.7849615       0.7866619       
1.4000000       0.7867327       0.7869194       
1.4080000       0.7865651       0.7870528       
1.4160000       0.7881657       0.7870353       
1.4240000       0.7884700       0.7868662       
1.4320000       0.7897545       0.7865742       
1.4400000       0.7883707       0.7862148       
1.4480000       0.7898080       0.7858583       
1.4560000       0.7873936       0.7855729       
1.4640000       0.7893421       0.7854076       
1.4720000       0.7881663       0.7853793       
1.4800000       0.7920070       0.7854703       
1.4880000       0.7881349       0.7856348       
1.4960000       0.7861365       0.7858155       
1.5040000       0.7864818       0.7859619       
1.5120000       0.7867683       0.7860464       
1.5200000       0.7862918       0.7860722       
1.5280000       0.7882478       0.7860704       
1.5360000       0.7879692       0.7860872       
1.5440000       0.7882256       0.7861669       
1.5520000       0.7866875       0.7863346       
1.5600000       0.7862721       0.7865859       
1.5680000       0.7823156       0.7868865       
1.5760000       0.7848525       0.7871805       
1.5840000       0.7854403       0.7874054       
1.5920000       0.7784910       0.7875089       
1.6000000       0.7806773       0.7874616       
1.6080000       0.7807873       0.7872633       
1.6160000       0.7837962       0.7869412       
1.6240000       0.7773941       0.7865412       
1.6320000       0.7865348       0.7861170       
1.6400000       0.7808231       0.7857180       
1.6480000       0.7828735       0.7853805       
1.6560000       0.7828740       0.7851238       
1.6640000       0.7842847       0.7849501       
1.6720000       0.7824578       0.7848482       
1.6800000       0.7832752       0.7848001       
1.6880000       0.7863844       0.7847873       
1.6960000       0.7862810       0.7847968       
1.7040000       0.7883671       0.7848249       
1.7120000       0.7847819       0.7848768       
1.7200000       0.7851058       0.7849644       
1.7280000       0.7831551       0.7850999       
1.7360000       0.7836937       0.7852895       
1.7440000       0.7810003       0.7855278       
1.7520000       0.7820851       0.7857965       
1.7600000       0.7834899       0.7860668       
1.7680000       0.7813564       0.7863070       
1.7760000       0.7802512       0.7864916       
1.7840000       0.7815232       0.7866088       
1.7920000       0.7829368       0.7866642       
