1               112063.034428   
2               68298.943388    
3               81771.520468    
4               81823.598107    
5               51136.840304    
6               30160.062024    
7               51820.882045    
8               50237.035958    
9               50075.153321    
10              43913.614596    
11              39722.052272    
12              24499.119395    
13              23901.560688    
14              24010.022836    
15              17110.380306    
16              16448.495257    
17              16020.151626    
18              16706.431588    
19              15673.485654    
20              14169.181096    
21              12222.556267    
22              11895.596215    
23              11862.984909    
24              11277.914680    
25              10825.185748    
26              10740.028628    
27              10349.518490    
28              10361.255337    
29              10667.457813    
30              10204.826708    
31              10107.092272    
32              10177.638534    
33              10392.063376    
34              10169.115745    
35              10048.647071    
36              10008.886228    
37              10081.404940    
38              10262.083367    
39              9648.689893     
40              9943.117807     
41              9980.073595     
42              9775.595240     
43              9628.561042     
44              9861.151006     
45              9623.881209     
46              9609.992089     
47              9669.325859     
48              9373.636110     
49              9584.445806     
50              9768.566629     
51              9644.816640     
52              9717.894116     
53              9369.372008     
54              9596.562298     
55              9688.280503     
56              9474.429533     
57              9357.047154     
58              9512.302156     
59              9303.941568     
60              9463.936314     
61              8975.400525     
62              9114.413490     
63              9489.793119     
64              9391.425623     
65              9665.053007     
66              9201.387656     
67              9465.624108     
68              9462.629508     
69              9082.033716     
70              9357.616828     
71              9421.975441     
72              9164.721048     
73              8896.702782     
74              9229.729211     
75              9585.049622     
76              9034.990672     
77              9226.832273     
78              9153.198509     
79              9415.314766     
80              9143.265909     
81              9133.473065     
82              9250.784708     
83              9195.330578     
84              8847.296345     
85              8982.608363     
86              9072.333471     
87              9066.343168     
88              9000.635294     
89              9142.781783     
90              9217.206532     
91              9217.536391     
92              9167.169741     
93              9127.447314     
94              9201.519051     
95              9223.758773     
96              9090.866988     
97              9139.971667     
98              9000.526411     
99              8891.567721     
100             9277.379900     
101             9252.702085     
102             9347.418178     
103             9354.227517     
104             8984.674627     
105             8960.786965     
106             8750.279042     
107             9093.363050     
108             9298.916707     
109             9308.128545     
110             9110.260882     
111             8894.978420     
112             9171.690029     
113             9316.479200     
114             9146.296065     
115             8839.677108     
116             9099.253904     
117             9014.766021     
118             8946.650950     
119             9076.433923     
120             8850.425211     
121             9107.124043     
122             8835.084500     
123             9070.767416     
124             8911.842622     
125             8969.626426     
126             8809.020620     
127             9019.967812     
128             9218.325547     
129             9004.740641     
130             8909.290349     
131             8912.198976     
132             8791.374306     
133             8887.079974     
134             9213.757951     
135             8830.101712     
136             8970.783022     
137             9178.917454     
138             8762.965297     
139             8793.506327     
140             9048.609287     
141             9039.844591     
142             9161.844271     
143             9022.547395     
144             9040.747843     
145             9160.682070     
146             9064.649932     
147             8971.861575     
148             9023.776483     
149             8872.245719     
150             8925.047999     
151             9015.994072     
152             9065.442578     
153             8866.841054     
154             8655.460371     
155             8774.354284     
156             8987.970363     
157             8902.980385     
158             9230.938550     
159             9087.914687     
160             9086.075138     
161             8992.604863     
162             9032.165148     
163             9057.330283     
164             9062.943626     
165             9200.613169     
166             8944.677486     
167             8907.826379     
168             8992.172785     
169             8800.599961     
170             9062.386795     
171             8935.776629     
172             8641.778713     
173             8640.906650     
174             7971.892610     
175             8433.265600     
176             8054.439408     
177             8368.642956     
178             8108.675308     
179             8289.795640     
180             8107.699955     
181             8054.302244     
182             8150.033285     
183             8012.215478     
184             8128.890507     
185             8323.725524     
186             8225.010102     
187             8041.551520     
188             8197.486199     
189             8118.745584     
190             8186.025907     
191             8031.139355     
192             7950.937159     
193             8264.907593     
194             8095.463189     
195             8207.666518     
196             8045.440301     
197             8208.284633     
198             8004.146685     
199             8454.430875     
200             8029.781087     
201             8221.537861     
202             8129.424538     
203             8239.272828     
204             8322.675025     
205             8002.539064     
206             8017.162857     
207             8070.760949     
208             8352.562256     
209             8068.986364     
210             7988.841268     
211             8166.407842     
212             8381.828878     
213             8517.467486     
214             8108.922114     
215             8254.915735     
216             8343.772824     
217             8252.410980     
218             8401.095852     
219             8408.788220     
220             8235.063271     
221             8170.751559     
222             8044.159907     
223             8191.559433     
224             8445.753426     
225             8016.746708     
226             8158.161159     
227             8498.553487     
228             8531.013741     
229             8289.874787     
230             8360.350266     
231             8240.630916     
232             8283.992742     
233             8175.823491     
234             8252.089298     
235             7871.728647     
236             8396.736743     
237             8186.708665     
238             8017.742362     
239             8031.158189     
240             8069.402694     
241             7847.194145     
242             8239.717071     
243             8133.934313     
244             8175.271088     
245             8233.190410     
246             8224.008164     
247             7989.480603     
248             8438.341220     
249             8436.874905     
250             8381.505380     
251             8084.182519     
252             8165.366519     
253             8356.490165     
254             8077.717517     
255             8111.649868     
256             8115.637073     
257             8145.892417     
258             8409.864966     
259             7960.787652     
260             8239.778767     
261             7938.182634     
262             7971.780027     
263             8267.902553     
264             8435.682867     
265             8330.638413     
266             8370.863409     
267             7923.721129     
268             7990.330691     
269             8108.435066     
270             8134.266302     
271             8166.959446     
272             7910.691489     
273             8110.684562     
274             8284.627731     
275             8248.982348     
276             8017.679775     
277             8326.163532     
278             8031.309531     
279             8106.952001     
280             7916.963184     
281             8332.959458     
282             8287.127219     
283             8262.200518     
284             8165.279348     
285             8241.285727     
286             8146.917727     
287             8346.542433     
288             8128.372057     
289             8171.539400     
290             7912.629343     
291             8243.087651     
292             8122.247172     
293             7962.324877     
294             8219.396378     
295             8136.288920     
296             7973.366407     
297             8068.355203     
298             7990.643890     
299             7651.027341     
300             7791.431419     
301             7579.332136     
302             7898.621637     
303             8168.184354     
304             7596.310484     
305             7659.173614     
306             7679.851781     
307             7505.266757     
308             7644.548967     
309             7425.428247     
310             7601.000305     
311             8052.574583     
312             7910.410274     
313             7682.323694     
314             7800.391499     
315             7480.143405     
316             7904.770060     
317             7723.637330     
318             7945.428004     
319             7641.172855     
320             8084.213330     
321             7678.793955     
322             7823.075180     
323             7769.207283     
324             7912.242666     
325             7775.644310     
326             7922.231465     
327             7879.436540     
328             7763.663865     
329             7801.520569     
330             7737.231872     
331             7842.338030     
332             7814.500445     
333             7936.798372     
334             7872.795345     
335             7743.961024     
336             7731.985900     
337             7902.027757     
338             7957.979759     
339             7926.477605     
340             7905.339480     
341             8046.643496     
342             7730.091639     
343             7823.941138     
344             7711.041327     
345             7492.030658     
346             7447.043527     
347             7789.812159     
348             7956.816955     
349             7628.704322     
350             7684.136954     
351             7491.576963     
352             7761.807409     
353             8048.616461     
354             7877.006768     
355             7775.553991     
356             8055.988789     
357             7625.401563     
358             7668.795570     
359             7729.086772     
360             7383.318922     
361             7352.179503     
362             7929.358532     
363             7975.773278     
364             7630.583718     
365             7651.585823     
366             7534.258192     
367             8012.226031     
368             7799.356293     
369             7968.300353     
370             7888.042461     
371             7843.379984     
372             7625.523841     
373             7432.330411     
374             7688.514295     
375             7801.707191     
376             7754.029930     
377             7437.914630     
378             7780.811700     
379             7718.064014     
380             7479.039512     
381             7732.761802     
382             7819.234113     
383             7979.634818     
384             7930.650333     
385             7775.418593     
386             7701.236890     
387             7742.437832     
388             7791.000028     
389             8005.476220     
390             7973.033599     
391             8053.800969     
392             8049.549262     
393             7831.123846     
394             7878.109265     
395             7759.490814     
396             7879.943674     
397             7819.053748     
398             7691.414799     
399             7679.125814     
400             8108.563389     
401             7361.361215     
402             7589.170533     
403             7848.710665     
404             7890.272340     
405             7652.190903     
406             8009.541109     
407             7839.684162     
408             7737.719963     
409             7700.953723     
410             7807.508286     
411             7838.121985     
412             7676.772265     
413             7053.385283     
414             7695.807892     
415             7850.987945     
416             7536.592278     
417             7678.867106     
418             7407.408841     
419             7941.273674     
420             7900.559910     
421             7660.705351     
422             7836.274081     
423             7857.672199     
424             7588.900534     
425             7811.039305     
426             8015.767642     
427             7797.601124     
428             7618.162955     
429             7770.134780     
430             7727.122524     
431             7721.505023     
432             7820.275900     
433             7785.322835     
434             7645.895271     
435             7916.778455     
436             7421.100501     
437             7935.481129     
438             7903.393582     
439             7650.619558     
440             7499.075582     
441             7544.172646     
442             7726.987000     
443             7742.130635     
444             7838.668190     
445             7497.675170     
446             7720.214468     
447             7692.453018     
448             7675.118494     
449             7852.382085     
450             7910.192346     
451             7599.481919     
452             7821.184587     
453             7618.690910     
454             7516.040220     
455             7685.911104     
456             7649.657117     
457             8003.067942     
458             7792.380053     
459             7675.074636     
460             7703.162549     
461             7926.047808     
462             7828.753656     
463             7760.811682     
464             7793.500702     
465             7677.354940     
466             8053.295394     
467             7966.057309     
468             7805.000955     
469             7568.961123     
470             7670.126901     
471             7476.480542     
472             7783.024521     
473             7535.933868     
474             7553.041081     
475             7714.514985     
476             7747.512687     
477             7454.800468     
478             7556.445563     
479             7560.944132     
480             7579.816279     
481             7363.911967     
482             7531.156753     
483             7773.542658     
484             7674.595346     
485             7808.318474     
486             7778.231232     
487             7765.861925     
488             7701.231181     
489             7477.067239     
490             7465.601041     
491             7463.776432     
492             7888.992044     
493             7560.440612     
494             7616.634713     
495             7574.748494     
496             7535.844229     
497             7737.314780     
498             7730.489120     
499             7736.175521     
500             7753.553669     
501             7662.909590     
502             7628.986713     
503             7156.068723     
504             7860.360354     
505             7756.422246     
506             7546.439303     
507             7833.959051     
508             7405.476502     
509             7638.363190     
510             7882.580911     
511             7857.949467     
512             7733.229217     
513             7542.305087     
514             7968.146046     
515             7878.155677     
516             7683.447672     
517             8265.576540     
518             7757.105143     
519             7864.546374     
520             7492.762145     
521             7815.892599     
522             8180.418344     
523             7907.663454     
524             7996.851330     
525             8024.260758     
526             7840.354819     
527             7960.373082     
528             7600.581036     
529             7764.849192     
530             7708.435901     
531             7732.202338     
532             7787.363525     
533             7629.568358     
534             7934.061296     
535             7714.183988     
536             8175.637921     
537             7797.872203     
538             7576.323140     
539             7821.583130     
540             7591.608591     
541             7372.362605     
542             7874.898026     
543             7631.636212     
544             7654.305548     
545             7581.672527     
546             7440.080992     
547             7784.680228     
548             7980.029838     
549             7631.511364     
550             8089.499048     
551             7600.137214     
552             8035.402215     
553             7386.552598     
554             7869.262020     
555             7682.351132     
556             7433.393323     
557             7635.553253     
558             7526.550841     
559             7622.635600     
560             7849.583589     
561             7603.456503     
562             7736.919754     
563             7965.026262     
564             7796.264574     
565             7572.874491     
566             7763.522697     
567             7439.038490     
568             7474.596053     
569             8091.182028     
570             8035.702594     
571             7702.369081     
572             7511.137809     
573             7382.254067     
574             7853.947851     
575             7761.701535     
576             7535.741330     
577             7700.981191     
578             7661.464581     
579             7798.880227     
580             7781.429724     
581             7941.997274     
582             7821.090337     
583             7713.600889     
584             7828.836720     
585             7803.406665     
586             8007.409205     
587             7711.645442     
588             7731.547874     
589             7784.237035     
590             7938.398837     
591             7844.199874     
592             7722.181602     
593             7680.450418     
594             7836.750212     
595             7815.818381     
596             7376.818908     
597             7379.042420     
598             7993.155423     
599             7735.155500     
600             7645.185172     
601             8016.970092     
602             7513.725728     
603             7905.513809     
604             8059.836661     
605             7889.421155     
606             7633.986350     
607             7631.818612     
608             7666.541641     
609             7803.110680     
610             7735.528872     
611             7911.606559     
612             7648.283059     
613             7876.993275     
614             7779.944733     
615             7873.826781     
616             7664.965033     
617             7572.097551     
618             7554.825931     
619             7666.353730     
620             7978.082561     
621             8014.421282     
622             7585.959084     
623             7762.239629     
624             7907.821982     
625             7770.079489     
626             7784.882176     
627             8080.710801     
628             7531.629604     
629             7792.981750     
630             7800.949912     
631             7665.465274     
632             7854.070680     
633             8098.115570     
634             7902.280985     
635             8115.337459     
636             8061.691475     
637             7909.617997     
638             7823.992579     
639             7896.925000     
640             7958.869933     
641             7912.685075     
642             7747.243542     
643             7260.455486     
644             7935.871823     
645             8079.332380     
646             8026.682107     
647             7778.317608     
648             8006.976378     
649             7703.768785     
650             7569.737237     
651             7691.840544     
652             7850.314674     
653             7972.655328     
654             7681.178294     
655             7856.328926     
656             7932.165796     
657             7621.098514     
658             7638.429210     
659             7364.503138     
660             7770.237482     
661             7769.204853     
662             7794.763599     
663             8110.186287     
664             7577.387786     
665             7719.461045     
666             8211.456734     
667             7860.216438     
668             7369.606541     
669             7850.109249     
670             7342.082202     
671             7741.540953     
672             8278.986273     
673             7965.960759     
674             7674.206187     
675             7578.397278     
676             7598.194640     
677             7871.972908     
678             7824.008350     
679             7620.478533     
680             7685.335520     
681             7704.410824     
682             7649.949960     
683             7783.437917     
684             7560.606488     
685             7562.814270     
686             7615.280212     
687             7544.680586     
688             7778.360321     
689             7754.895147     
690             7652.534645     
691             7657.787018     
692             7913.173816     
693             7740.694124     
694             7609.211557     
695             7691.271048     
696             7631.216028     
697             7284.856827     
698             7416.489216     
699             7509.265151     
700             7804.916286     
701             7419.237646     
702             7333.399922     
703             7791.271479     
704             7747.691978     
705             7667.666425     
706             7396.564593     
707             7819.477843     
708             7798.740223     
709             7648.383099     
710             7573.557365     
711             7555.144568     
712             7505.626245     
713             7781.009327     
714             7725.045204     
715             7816.179299     
716             8105.035633     
717             7788.815296     
718             7794.033432     
719             7938.696598     
720             7548.507203     
721             7533.651378     
722             8028.114612     
723             7768.256091     
724             7831.870689     
725             7690.808731     
726             7703.729367     
727             7690.003987     
728             7871.193500     
729             7703.422369     
730             8007.579910     
731             7764.826895     
732             7732.574765     
733             7513.509307     
734             7785.319046     
735             7875.476608     
736             7506.130034     
737             7690.722839     
738             7616.257211     
739             7790.381172     
740             7746.950432     
741             7914.893429     
742             7555.203812     
743             7721.039838     
744             7721.648204     
745             7639.629746     
746             7643.424405     
747             7482.752159     
748             7631.002877     
749             7735.370008     
750             7772.674222     
751             7630.406686     
752             7609.678508     
753             7706.611375     
754             7577.082303     
755             7844.821116     
756             7639.624826     
757             7580.441591     
758             7762.993677     
759             7585.976366     
760             7321.062592     
761             7842.989784     
762             7383.335712     
763             7473.660734     
764             7763.938007     
765             7726.886676     
766             7769.471305     
767             7917.573966     
768             7914.176386     
769             7638.218380     
770             7785.262282     
771             7699.759718     
772             7678.798682     
773             7664.312659     
774             7817.758555     
775             7655.226953     
776             7807.548421     
777             7838.993515     
778             7828.897660     
779             7837.211366     
780             7898.448940     
781             7722.024578     
782             7822.784925     
783             7900.335464     
784             8091.300926     
785             7802.867847     
786             8021.775551     
787             7704.507745     
788             7415.487856     
789             7788.784421     
790             8200.512912     
791             7682.506572     
792             8100.320920     
793             7740.038491     
794             7913.299521     
795             7606.582883     
796             7623.362019     
797             7980.140312     
798             8129.743218     
799             7604.172885     
800             7825.627048     
801             7969.840160     
802             7639.862594     
803             7853.732028     
804             7976.548031     
805             7756.059044     
806             7414.785796     
807             7680.292446     
808             7451.646068     
809             7799.301597     
810             7650.786095     
811             7917.041565     
812             7512.992583     
813             7568.913083     
814             7577.847195     
815             7657.346520     
816             7737.951153     
817             7799.074197     
818             8005.192162     
819             7943.507555     
820             7660.383485     
821             8064.134483     
822             8034.274687     
823             7795.209649     
824             7650.389251     
825             7682.709130     
826             7696.089870     
827             7614.450444     
828             7733.120424     
829             7695.162748     
830             7998.068548     
831             7706.922881     
832             7637.315321     
833             7702.102125     
834             7958.114382     
835             8532.181244     
836             7756.751635     
837             7830.955101     
838             7963.863011     
839             8083.107392     
840             8090.125066     
841             8018.964418     
842             7671.144943     
843             7693.475278     
844             7640.755233     
845             7618.171939     
846             7661.195958     
847             7937.044932     
848             7704.020286     
849             7840.355184     
850             7941.138199     
851             7754.810065     
852             7765.533825     
853             7586.615452     
854             7937.608255     
855             7908.332531     
856             7681.255416     
857             7506.186855     
858             7788.149620     
859             7456.434066     
860             7588.023534     
861             7638.911561     
862             7581.967556     
863             7553.545164     
864             7565.589947     
865             7469.402968     
866             7757.777107     
867             7703.759022     
868             8176.138361     
869             7555.713110     
870             8006.133821     
871             7878.423610     
872             7719.991396     
873             7649.260437     
874             7602.646215     
875             7673.579411     
876             7839.132484     
877             7730.384433     
878             8037.621296     
879             7900.697686     
880             7651.726966     
881             7760.282048     
882             7629.599485     
883             7933.532150     
884             7828.408735     
885             7867.297295     
886             7735.041255     
887             7846.492167     
888             7791.606720     
889             7912.460233     
890             7815.506162     
891             8102.268026     
892             7899.011798     
893             7603.795178     
894             7439.930405     
895             7819.145605     
896             7649.052285     
897             8023.977185     
898             7713.804649     
899             7617.195771     
900             7641.782757     
901             7762.486588     
902             7612.468165     
903             7555.121988     
904             7732.972015     
905             7641.825170     
906             7686.798176     
907             7975.074968     
908             7397.153431     
909             7886.023673     
910             7887.444626     
911             7661.974410     
912             7745.282918     
913             7871.024302     
914             7684.023929     
915             7927.490044     
916             7885.164134     
917             8063.524981     
918             7804.171244     
919             7557.365716     
920             7596.415336     
921             7500.419756     
922             7749.997619     
923             7511.277361     
924             7928.103337     
925             7638.808704     
926             7740.279884     
927             7580.509493     
928             7719.368661     
929             7632.542633     
930             7534.290939     
931             7643.895373     
932             7791.022953     
933             7672.773266     
934             7667.515827     
935             7733.323438     
936             7840.931024     
937             7240.880596     
938             7753.416002     
939             8043.778359     
940             7733.320007     
941             7888.654785     
942             7434.377463     
943             7708.311101     
944             7996.266267     
945             7595.532340     
946             7577.922533     
947             7405.805411     
948             7931.770054     
949             7914.025457     
950             7886.943034     
951             7598.293991     
952             7778.391860     
953             7437.054978     
954             8013.159908     
955             7584.958945     
956             7868.248136     
957             7634.158784     
958             7803.668040     
959             7599.907622     
960             7637.956542     
961             7898.962520     
962             7886.070871     
963             7667.026147     
964             7605.980009     
965             7916.712214     
966             7269.113657     
967             7808.324833     
968             7562.250377     
969             7898.390465     
970             7702.472526     
971             7609.005667     
972             7938.762381     
973             7788.741721     
974             8087.315743     
975             7554.497338     
976             7736.606988     
977             7334.620614     
978             7644.169884     
979             7844.907142     
980             7784.215815     
981             7990.689563     
982             7773.528067     
983             7746.931972     
984             7618.038447     
985             7617.910036     
986             7486.007257     
987             7751.104639     
988             7696.486826     
989             7558.225796     
990             8046.706505     
991             7756.003095     
992             7872.962046     
993             7779.685722     
994             7748.301548     
995             7852.553575     
996             7823.223532     
997             7604.300420     
998             7647.874483     
999             7634.653747     
1000            7662.533546     
