0.000000 10146227.000000 -4439305.000000
8.000000 9930112.000000 -4753635.000000
16.000000 9889552.000000 -5092224.000000
24.000000 9967122.000000 -5062215.000000
32.000000 10302167.000000 -4481497.000000
40.000000 10615424.000000 -3902647.000000
48.000000 10830735.000000 -3663500.000000
56.000000 10978918.000000 -3613175.000000
64.000000 10970250.000000 -3846830.000000
72.000000 10836942.000000 -4133863.000000
80.000000 10653443.000000 -4363488.000000
88.000000 10436728.000000 -4385795.000000
96.000000 10408751.000000 -4266496.000000
104.000000 10423387.000000 -3949009.000000
112.000000 10477406.000000 -3621636.000000
120.000000 10429713.000000 -3415186.000000
128.000000 10429580.000000 -3392311.000000
136.000000 10311030.000000 -3477248.000000
144.000000 10233938.000000 -3599755.000000
152.000000 10123485.000000 -3718415.000000
160.000000 10021384.000000 -3754623.000000
168.000000 9979918.000000 -3650068.000000
176.000000 9935154.000000 -3493688.000000
184.000000 9923234.000000 -3284940.000000
192.000000 9868139.000000 -3123769.000000
200.000000 9819254.000000 -3107158.000000
208.000000 9726587.000000 -3132704.000000
216.000000 9620507.000000 -3206034.000000
224.000000 9535918.000000 -3262108.000000
232.000000 9438194.000000 -3263338.000000
240.000000 9399954.000000 -3182740.000000
248.000000 9299747.000000 -3051122.000000
256.000000 9275641.000000 -2913483.000000
264.000000 9199929.000000 -2816632.000000
272.000000 9113572.000000 -2799492.000000
280.000000 9074215.000000 -2772568.000000
288.000000 8958025.000000 -2836142.000000
296.000000 8838846.000000 -2868022.000000
304.000000 8738161.000000 -2864713.000000
312.000000 8665598.000000 -2831876.000000
320.000000 8609205.000000 -2746026.000000
328.000000 8578244.000000 -2633658.000000
336.000000 8510845.000000 -2547030.000000
344.000000 8494919.000000 -2522583.000000
352.000000 8393557.000000 -2528958.000000
360.000000 8340523.000000 -2577131.000000
368.000000 8253973.000000 -2569143.000000
376.000000 8202015.000000 -2574590.000000
384.000000 8147610.000000 -2554540.000000
392.000000 8100318.000000 -2492725.000000
400.000000 8040531.000000 -2414233.000000
408.000000 7967345.000000 -2354350.000000
416.000000 7957931.000000 -2331946.000000
424.000000 7909809.000000 -2356933.000000
432.000000 7850244.000000 -2335573.000000
440.000000 7831484.000000 -2347773.000000
448.000000 7771737.000000 -2346504.000000
456.000000 7695001.000000 -2336767.000000
464.000000 7676108.000000 -2288293.000000
472.000000 7634250.000000 -2267034.000000
480.000000 7583392.000000 -2201060.000000
488.000000 7559129.000000 -2162108.000000
496.000000 7466275.000000 -2155436.000000
504.000000 7475212.000000 -2173279.000000
512.000000 7409549.000000 -2186935.000000
520.000000 7396855.000000 -2196390.000000
528.000000 7357641.000000 -2159523.000000
536.000000 7292840.000000 -2145287.000000
544.000000 7265590.000000 -2075285.000000
552.000000 7243471.000000 -2044364.000000
560.000000 7222739.000000 -2034561.000000
568.000000 7170836.000000 -2059540.000000
576.000000 7162311.000000 -2044911.000000
584.000000 7120913.000000 -2090803.000000
592.000000 7107575.000000 -2078807.000000
600.000000 7081499.000000 -2099039.000000
608.000000 7044993.000000 -2042106.000000
616.000000 7023274.000000 -2013275.000000
624.000000 6992296.000000 -1972672.000000
632.000000 6948018.000000 -1982026.000000
640.000000 6945250.000000 -1936292.000000
648.000000 6909236.000000 -1963466.000000
656.000000 6917732.000000 -1994958.000000
664.000000 6820092.000000 -1972490.000000
672.000000 6803609.000000 -1973128.000000
680.000000 6790120.000000 -1936566.000000
688.000000 6726169.000000 -1925869.000000
696.000000 6723454.000000 -1914809.000000
704.000000 6699077.000000 -1899682.000000
712.000000 6665035.000000 -1900705.000000
720.000000 6651650.000000 -1876528.000000
728.000000 6586344.000000 -1914881.000000
736.000000 6578866.000000 -1913124.000000
744.000000 6558885.000000 -1907147.000000
752.000000 6517094.000000 -1876448.000000
760.000000 6516899.000000 -1861511.000000
768.000000 6474155.000000 -1826738.000000
776.000000 6461284.000000 -1821631.000000
784.000000 6403273.000000 -1845132.000000
792.000000 6392416.000000 -1812269.000000
800.000000 6361518.000000 -1813272.000000
808.000000 6332753.000000 -1799304.000000
816.000000 6315308.000000 -1798560.000000
824.000000 6276730.000000 -1809255.000000
832.000000 6229758.000000 -1790568.000000
840.000000 6235870.000000 -1766485.000000
848.000000 6192690.000000 -1754277.000000
856.000000 6171522.000000 -1747036.000000
864.000000 6153836.000000 -1741812.000000
872.000000 6105497.000000 -1771943.000000
880.000000 6098082.000000 -1713320.000000
888.000000 6084352.000000 -1737966.000000
896.000000 6066453.000000 -1745799.000000
904.000000 6018219.000000 -1720645.000000
912.000000 5992716.000000 -1708073.000000
920.000000 5962454.000000 -1707235.000000
928.000000 5949168.000000 -1673921.000000
936.000000 5919725.000000 -1676958.000000
944.000000 5904727.000000 -1665897.000000
952.000000 5856925.000000 -1691561.000000
960.000000 5836352.000000 -1645429.000000
968.000000 5802333.000000 -1649251.000000
976.000000 5774317.000000 -1657400.000000
984.000000 5764406.000000 -1647865.000000
992.000000 5695166.000000 -1629499.000000
1000.000000 5685201.000000 -1584727.000000
1008.000000 5680941.000000 -1652970.000000
1016.000000 5675080.000000 -1602166.000000
1024.000000 5610181.000000 -1602703.000000
1032.000000 5577177.000000 -1590835.000000
1040.000000 5566933.000000 -1597213.000000
1048.000000 5537252.000000 -1584869.000000
1056.000000 5494155.000000 -1577166.000000
1064.000000 5480656.000000 -1548227.000000
1072.000000 5423678.000000 -1546377.000000
1080.000000 5377598.000000 -1559030.000000
1088.000000 5370896.000000 -1534852.000000
1096.000000 5320707.000000 -1522982.000000
1104.000000 5276337.000000 -1524993.000000
1112.000000 5273802.000000 -1522049.000000
1120.000000 5221911.000000 -1463279.000000
1128.000000 5191070.000000 -1482346.000000
1136.000000 5169343.000000 -1482728.000000
1144.000000 5144859.000000 -1462901.000000
1152.000000 5109554.000000 -1452707.000000
1160.000000 5064551.000000 -1419469.000000
1168.000000 5025546.000000 -1432687.000000
1176.000000 4980415.000000 -1415697.000000
1184.000000 4972512.000000 -1386680.000000
1192.000000 4929090.000000 -1402068.000000
1200.000000 4889397.000000 -1372535.000000
1208.000000 4867809.000000 -1366276.000000
1216.000000 4807886.000000 -1372344.000000
1224.000000 4768741.000000 -1336813.000000
1232.000000 4724405.000000 -1357289.000000
1240.000000 4714979.000000 -1335174.000000
1248.000000 4674726.000000 -1334886.000000
1256.000000 4643828.000000 -1315250.000000
1264.000000 4566009.000000 -1292774.000000
1272.000000 4561045.000000 -1296730.000000
1280.000000 4490114.000000 -1267535.000000
1288.000000 4472743.000000 -1250773.000000
1296.000000 4449308.000000 -1268036.000000
1304.000000 4403113.000000 -1245860.000000
1312.000000 4372609.000000 -1226090.000000
1320.000000 4352504.000000 -1234191.000000
1328.000000 4300743.000000 -1202619.000000
1336.000000 4267636.000000 -1213310.000000
1344.000000 4230410.000000 -1187049.000000
1352.000000 4190024.000000 -1200507.000000
1360.000000 4144234.000000 -1178200.000000
1368.000000 4110940.000000 -1183521.000000
1376.000000 4109227.000000 -1171698.000000
1384.000000 4040199.000000 -1159352.000000
1392.000000 4004656.000000 -1134246.000000
1400.000000 3993339.000000 -1113502.000000
1408.000000 3974266.000000 -1124497.000000
1416.000000 3900142.000000 -1106546.000000
1424.000000 3887775.000000 -1109829.000000
1432.000000 3851339.000000 -1115702.000000
1440.000000 3814076.000000 -1102959.000000
1448.000000 3807304.000000 -1096095.000000
1456.000000 3745429.000000 -1080483.000000
1464.000000 3744321.000000 -1067386.000000
1472.000000 3687978.000000 -1026531.000000
1480.000000 3683664.000000 -1031081.000000
1488.000000 3662240.000000 -1044733.000000
1496.000000 3584550.000000 -1032181.000000
1504.000000 3574859.000000 -1019864.000000
1512.000000 3556430.000000 -1028467.000000
1520.000000 3508727.000000 -1005418.000000
1528.000000 3494660.000000 -1014446.000000
1536.000000 3483377.000000 -984999.000000
1544.000000 3441096.000000 -1007622.000000
1552.000000 3432644.000000 -975563.000000
1560.000000 3389222.000000 -979977.000000
1568.000000 3365138.000000 -978797.000000
1576.000000 3336191.000000 -949933.000000
1584.000000 3289325.000000 -945315.000000
1592.000000 3268642.000000 -967680.000000
1600.000000 3281144.000000 -930142.000000
1608.000000 3227573.000000 -930173.000000
1616.000000 3184819.000000 -914477.000000
1624.000000 3167557.000000 -904056.000000
1632.000000 3170991.000000 -914104.000000
1640.000000 3125358.000000 -895337.000000
1648.000000 3111598.000000 -904954.000000
1656.000000 3072357.000000 -895076.000000
1664.000000 3049986.000000 -881155.000000
1672.000000 3027068.000000 -907345.000000
1680.000000 2992996.000000 -882960.000000
1688.000000 2978354.000000 -853540.000000
1696.000000 2956053.000000 -869256.000000
1704.000000 2944990.000000 -819841.000000
1712.000000 2874745.000000 -839030.000000
1720.000000 2889807.000000 -828859.000000
1728.000000 2835807.000000 -849437.000000
1736.000000 2833403.000000 -808179.000000
1744.000000 2793461.000000 -810912.000000
1752.000000 2802397.000000 -811788.000000
1760.000000 2748531.000000 -762841.000000
1768.000000 2714900.000000 -794082.000000
1776.000000 2739676.000000 -767918.000000
1784.000000 2707265.000000 -786976.000000
1792.000000 2656862.000000 -772934.000000
1800.000000 2647366.000000 -765016.000000
1808.000000 2625712.000000 -773738.000000
1816.000000 2586630.000000 -754831.000000
1824.000000 2580129.000000 -764436.000000
1832.000000 2541847.000000 -729617.000000
1840.000000 2523010.000000 -750261.000000
1848.000000 2542931.000000 -730032.000000
1856.000000 2513467.000000 -696705.000000
1864.000000 2464269.000000 -720914.000000
1872.000000 2429147.000000 -722678.000000
1880.000000 2416928.000000 -702694.000000
1888.000000 2409675.000000 -718757.000000
1896.000000 2372611.000000 -683025.000000
1904.000000 2361411.000000 -669934.000000
1912.000000 2337345.000000 -682435.000000
1920.000000 2317790.000000 -672523.000000
1928.000000 2304450.000000 -665587.000000
1936.000000 2304062.000000 -686818.000000
1944.000000 2271232.000000 -668840.000000
1952.000000 2247343.000000 -667908.000000
1960.000000 2275974.000000 -658932.000000
1968.000000 2195209.000000 -642566.000000
1976.000000 2177723.000000 -650617.000000
1984.000000 2135121.000000 -639243.000000
1992.000000 2169792.000000 -636327.000000
2000.000000 2127744.000000 -644980.000000
2008.000000 2090494.000000 -614141.000000
2016.000000 2090802.000000 -588413.000000
2024.000000 2073121.000000 -626985.000000
2032.000000 2047335.000000 -605372.000000
2040.000000 2004011.000000 -579382.000000
2048.000000 1975428.000000 -562142.000000
2056.000000 1936812.000000 -563632.000000
2064.000000 1943994.000000 -564884.000000
2072.000000 1945208.000000 -553089.000000
2080.000000 1909736.000000 -563301.000000
2088.000000 1859261.000000 -579808.000000
2096.000000 1882587.000000 -553537.000000
2104.000000 1837819.000000 -534519.000000
2112.000000 1858223.000000 -508543.000000
2120.000000 1841364.000000 -536704.000000
2128.000000 1802828.000000 -517167.000000
2136.000000 1758297.000000 -518497.000000
2144.000000 1775078.000000 -494132.000000
2152.000000 1750791.000000 -512853.000000
2160.000000 1744660.000000 -496145.000000
2168.000000 1703909.000000 -487041.000000
2176.000000 1680862.000000 -526548.000000
2184.000000 1690680.000000 -483008.000000
2192.000000 1648087.000000 -466929.000000
2200.000000 1630182.000000 -462445.000000
2208.000000 1648363.000000 -476554.000000
2216.000000 1606530.000000 -454994.000000
2224.000000 1563227.000000 -455361.000000
2232.000000 1574433.000000 -436554.000000
2240.000000 1542321.000000 -433022.000000
2248.000000 1521513.000000 -435200.000000
2256.000000 1510636.000000 -443663.000000
2264.000000 1485229.000000 -433865.000000
2272.000000 1469591.000000 -424693.000000
2280.000000 1481832.000000 -415220.000000
2288.000000 1455022.000000 -388153.000000
2296.000000 1411563.000000 -404531.000000
2304.000000 1404247.000000 -393150.000000
2312.000000 1389874.000000 -409205.000000
2320.000000 1350012.000000 -396662.000000
2328.000000 1350401.000000 -389425.000000
2336.000000 1341450.000000 -395023.000000
2344.000000 1309713.000000 -371635.000000
2352.000000 1354396.000000 -389288.000000
2360.000000 1290489.000000 -368438.000000
2368.000000 1287242.000000 -371969.000000
2376.000000 1255379.000000 -345520.000000
2384.000000 1265044.000000 -348098.000000
2392.000000 1256085.000000 -352242.000000
2400.000000 1217273.000000 -361153.000000
2408.000000 1218292.000000 -348377.000000
2416.000000 1191875.000000 -346551.000000
2424.000000 1212564.000000 -324019.000000
2432.000000 1177877.000000 -331351.000000
2440.000000 1183706.000000 -331820.000000
2448.000000 1157866.000000 -334220.000000
2456.000000 1120647.000000 -325089.000000
2464.000000 1109840.000000 -309455.000000
2472.000000 1099365.000000 -320304.000000
2480.000000 1098078.000000 -292213.000000
2488.000000 1068668.000000 -300920.000000
2496.000000 1055478.000000 -314630.000000
2504.000000 1063643.000000 -293101.000000
2512.000000 1043525.000000 -323854.000000
2520.000000 1015286.000000 -299195.000000
2528.000000 1045590.000000 -295615.000000
2536.000000 1009505.000000 -291635.000000
2544.000000 977115.000000 -300226.000000
2552.000000 961125.000000 -294577.000000
2560.000000 971441.000000 -272881.000000
2568.000000 945200.000000 -291903.000000
2576.000000 934371.000000 -293015.000000
2584.000000 929993.000000 -287033.000000
2592.000000 909515.000000 -261305.000000
2600.000000 911763.000000 -273896.000000
2608.000000 913223.000000 -252167.000000
2616.000000 920325.000000 -282704.000000
2624.000000 855166.000000 -241502.000000
2632.000000 876220.000000 -251210.000000
2640.000000 855339.000000 -241650.000000
2648.000000 833935.000000 -276143.000000
2656.000000 846332.000000 -260127.000000
2664.000000 822154.000000 -263526.000000
2672.000000 817773.000000 -239701.000000
2680.000000 807656.000000 -232091.000000
2688.000000 789801.000000 -233547.000000
2696.000000 804131.000000 -193244.000000
2704.000000 775284.000000 -240898.000000
2712.000000 737018.000000 -235987.000000
2720.000000 757554.000000 -233490.000000
2728.000000 762430.000000 -234466.000000
2736.000000 724097.000000 -205373.000000
2744.000000 740354.000000 -213045.000000
2752.000000 729056.000000 -215799.000000
2760.000000 720416.000000 -234343.000000
2768.000000 685117.000000 -216602.000000
2776.000000 707482.000000 -233469.000000
2784.000000 684251.000000 -231550.000000
2792.000000 683759.000000 -179583.000000
2800.000000 669989.000000 -182377.000000
2808.000000 702217.000000 -190784.000000
2816.000000 647259.000000 -193264.000000
2824.000000 692479.000000 -192596.000000
2832.000000 638517.000000 -182607.000000
2840.000000 636660.000000 -186636.000000
2848.000000 609735.000000 -180313.000000
2856.000000 636947.000000 -207888.000000
2864.000000 611598.000000 -189057.000000
2872.000000 601347.000000 -150710.000000
2880.000000 596130.000000 -170241.000000
2888.000000 546683.000000 -174811.000000
2896.000000 573392.000000 -171368.000000
2904.000000 572791.000000 -159570.000000
2912.000000 552813.000000 -145984.000000
2920.000000 522082.000000 -164874.000000
2928.000000 531066.000000 -178498.000000
2936.000000 538814.000000 -161074.000000
2944.000000 565289.000000 -164452.000000
2952.000000 534908.000000 -149088.000000
2960.000000 528766.000000 -139699.000000
2968.000000 522099.000000 -146475.000000
2976.000000 505193.000000 -161661.000000
2984.000000 515765.000000 -150592.000000
2992.000000 520170.000000 -149014.000000
3000.000000 513981.000000 -141918.000000
3008.000000 467131.000000 -156067.000000
3016.000000 472002.000000 -171132.000000
3024.000000 449194.000000 -138342.000000
3032.000000 441295.000000 -119784.000000
3040.000000 459098.000000 -139811.000000
3048.000000 469632.000000 -141036.000000
3056.000000 444435.000000 -119190.000000
3064.000000 439531.000000 -114289.000000
3072.000000 440757.000000 -119782.000000
3080.000000 429793.000000 -122723.000000
3088.000000 415209.000000 -92163.000000
3096.000000 420125.000000 -125107.000000
3104.000000 414294.000000 -124713.000000
3112.000000 386301.000000 -99883.000000
3120.000000 375404.000000 -101231.000000
3128.000000 375098.000000 -89293.000000
3136.000000 365816.000000 -100684.000000
3144.000000 375689.000000 -107120.000000
3152.000000 396177.000000 -102179.000000
3160.000000 389660.000000 -82894.000000
3168.000000 362728.000000 -118211.000000
3176.000000 387834.000000 -77360.000000
3184.000000 330448.000000 -72210.000000
3192.000000 348272.000000 -107802.000000
3200.000000 354366.000000 -107870.000000
3208.000000 346535.000000 -114071.000000
3216.000000 324732.000000 -98580.000000
3224.000000 338532.000000 -122149.000000
3232.000000 332785.000000 -104495.000000
3240.000000 283257.000000 -88451.000000
3248.000000 325421.000000 -93450.000000
3256.000000 328659.000000 -90197.000000
3264.000000 304101.000000 -92823.000000
3272.000000 295466.000000 -104981.000000
3280.000000 297226.000000 -94282.000000
3288.000000 294832.000000 -87326.000000
3296.000000 302291.000000 -109289.000000
3304.000000 309971.000000 -67208.000000
3312.000000 277580.000000 -73367.000000
3320.000000 287237.000000 -88060.000000
3328.000000 261309.000000 -77458.000000
3336.000000 272159.000000 -92463.000000
3344.000000 284958.000000 -100258.000000
3352.000000 281101.000000 -71796.000000
3360.000000 255156.000000 -82026.000000
3368.000000 243920.000000 -67119.000000
3376.000000 253488.000000 -68714.000000
3384.000000 264443.000000 -69341.000000
3392.000000 245800.000000 -76130.000000
3400.000000 250660.000000 -85756.000000
3408.000000 239707.000000 -85864.000000
3416.000000 235646.000000 -64341.000000
3424.000000 210373.000000 -58739.000000
3432.000000 209791.000000 -55638.000000
3440.000000 255322.000000 -70641.000000
3448.000000 200360.000000 -60808.000000
3456.000000 204315.000000 -53644.000000
3464.000000 197541.000000 -85834.000000
3472.000000 193113.000000 -45131.000000
3480.000000 225221.000000 -75643.000000
3488.000000 195581.000000 -47076.000000
3496.000000 222132.000000 -67532.000000
3504.000000 180790.000000 -39226.000000
3512.000000 154230.000000 -41156.000000
3520.000000 198197.000000 -40998.000000
3528.000000 183801.000000 -54427.000000
3536.000000 176633.000000 -53093.000000
3544.000000 173353.000000 -28642.000000
3552.000000 194655.000000 -53449.000000
3560.000000 161753.000000 -57517.000000
3568.000000 161587.000000 -46124.000000
3576.000000 169179.000000 -59188.000000
3584.000000 190467.000000 -36731.000000
3592.000000 164896.000000 -45286.000000
3600.000000 177480.000000 -59055.000000
3608.000000 155136.000000 -40613.000000
3616.000000 148633.000000 -30844.000000
3624.000000 174193.000000 -56439.000000
3632.000000 144827.000000 -65425.000000
3640.000000 139936.000000 -24628.000000
3648.000000 130296.000000 -46392.000000
3656.000000 157799.000000 -66482.000000
3664.000000 134249.000000 -46907.000000
3672.000000 181385.000000 -30419.000000
3680.000000 124189.000000 -49530.000000
3688.000000 129661.000000 -12752.000000
3696.000000 130874.000000 -25399.000000
3704.000000 141224.000000 -51948.000000
3712.000000 126631.000000 -27635.000000
3720.000000 131353.000000 -55312.000000
3728.000000 130459.000000 -45910.000000
3736.000000 128367.000000 -24258.000000
3744.000000 113836.000000 -27902.000000
3752.000000 127572.000000 -18201.000000
3760.000000 125021.000000 -47369.000000
3768.000000 107761.000000 -24057.000000
3776.000000 117635.000000 -16386.000000
3784.000000 137606.000000 -33650.000000
3792.000000 112831.000000 -29525.000000
3800.000000 91601.000000 -5481.000000
3808.000000 93167.000000 -37559.000000
3816.000000 114042.000000 -11555.000000
3824.000000 98032.000000 -39847.000000
3832.000000 108418.000000 -9438.000000
3840.000000 105038.000000 -25575.000000
3848.000000 91310.000000 -17447.000000
3856.000000 92823.000000 -21995.000000
3864.000000 119721.000000 -9704.000000
3872.000000 88280.000000 -8038.000000
3880.000000 98391.000000 -32628.000000
3888.000000 73518.000000 -6960.000000
3896.000000 67051.000000 -43209.000000
3904.000000 103727.000000 -29995.000000
3912.000000 60871.000000 -11181.000000
3920.000000 98158.000000 -28904.000000
3928.000000 95241.000000 -14615.000000
3936.000000 104586.000000 -24515.000000
3944.000000 63092.000000 -11645.000000
3952.000000 71070.000000 -40427.000000
3960.000000 89989.000000 2935.000000
3968.000000 90012.000000 10.000000
3976.000000 97137.000000 -40067.000000
3984.000000 89604.000000 -23073.000000
3992.000000 72671.000000 -3099.000000
4000.000000 90814.000000 -10448.000000
4008.000000 52388.000000 -13538.000000
4016.000000 63078.000000 -31924.000000
4024.000000 67326.000000 -14849.000000
4032.000000 80984.000000 -14914.000000
4040.000000 59133.000000 -20296.000000
4048.000000 63522.000000 -22061.000000
4056.000000 67011.000000 -15673.000000
4064.000000 42521.000000 -24239.000000
4072.000000 64457.000000 -34474.000000
4080.000000 66161.000000 -24088.000000
4088.000000 67330.000000 -2168.000000
4096.000000 63737.000000 -32678.000000
4104.000000 61986.000000 -16788.000000
4112.000000 49178.000000 -24759.000000
4120.000000 34584.000000 -13953.000000
4128.000000 47174.000000 1301.000000
4136.000000 57970.000000 -15654.000000
4144.000000 58832.000000 -5298.000000
4152.000000 54714.000000 -8359.000000
4160.000000 37869.000000 -21371.000000
4168.000000 56024.000000 -2597.000000
4176.000000 67583.000000 -6916.000000
4184.000000 44636.000000 -14544.000000
4192.000000 45338.000000 30615.000000
4200.000000 26583.000000 -21588.000000
4208.000000 10966.000000 10263.000000
4216.000000 24858.000000 -7132.000000
4224.000000 48075.000000 -22979.000000
4232.000000 29376.000000 20507.000000
4240.000000 19332.000000 -12241.000000
4248.000000 44156.000000 -23261.000000
4256.000000 37328.000000 21716.000000
4264.000000 38700.000000 -9945.000000
4272.000000 27599.000000 -17482.000000
4280.000000 59774.000000 -10542.000000
4288.000000 25362.000000 -25311.000000
4296.000000 34762.000000 -13633.000000
4304.000000 63285.000000 6895.000000
4312.000000 47289.000000 8130.000000
4320.000000 37989.000000 -4825.000000
4328.000000 50309.000000 -7832.000000
4336.000000 48141.000000 2034.000000
4344.000000 32888.000000 -202.000000
4352.000000 11012.000000 -11840.000000
4360.000000 16638.000000 1734.000000
4368.000000 3657.000000 -18282.000000
4376.000000 -8198.000000 3630.000000
4384.000000 18340.000000 11564.000000
4392.000000 -5281.000000 10961.000000
4400.000000 35349.000000 3891.000000
4408.000000 31576.000000 14526.000000
4416.000000 54991.000000 -3188.000000
4424.000000 25376.000000 -14417.000000
4432.000000 2082.000000 519.000000
4440.000000 46899.000000 9583.000000
4448.000000 41990.000000 -16680.000000
4456.000000 -2454.000000 -18092.000000
4464.000000 12349.000000 -34582.000000
4472.000000 43428.000000 -5192.000000
4480.000000 -2376.000000 -3614.000000
4488.000000 18748.000000 -5551.000000
4496.000000 29648.000000 -3032.000000
4504.000000 1606.000000 -15063.000000
4512.000000 14779.000000 -6786.000000
4520.000000 -2892.000000 15009.000000
4528.000000 10670.000000 -8209.000000
4536.000000 37074.000000 24389.000000
4544.000000 8575.000000 -13406.000000
4552.000000 26761.000000 -18561.000000
4560.000000 26700.000000 -18223.000000
4568.000000 14360.000000 15184.000000
4576.000000 8809.000000 14862.000000
4584.000000 11338.000000 2665.000000
4592.000000 8492.000000 -19729.000000
4600.000000 17314.000000 -10282.000000
4608.000000 25735.000000 -18169.000000
4616.000000 29210.000000 -7675.000000
4624.000000 1954.000000 2375.000000
4632.000000 35262.000000 -10539.000000
4640.000000 36750.000000 -1854.000000
4648.000000 -3133.000000 -720.000000
4656.000000 15017.000000 -9649.000000
4664.000000 -133.000000 5101.000000
4672.000000 12931.000000 579.000000
4680.000000 17343.000000 -3599.000000
4688.000000 -1084.000000 8920.000000
4696.000000 15354.000000 -8180.000000
4704.000000 24142.000000 -5461.000000
4712.000000 24968.000000 -13537.000000
4720.000000 20935.000000 -26788.000000
4728.000000 15254.000000 1794.000000
4736.000000 29646.000000 -4481.000000
4744.000000 19562.000000 -12120.000000
4752.000000 -3458.000000 10340.000000
4760.000000 4647.000000 36141.000000
4768.000000 23632.000000 10619.000000
4776.000000 -4586.000000 23617.000000
4784.000000 -11874.000000 -11198.000000
4792.000000 22318.000000 -11846.000000
4800.000000 19589.000000 -11462.000000
4808.000000 22373.000000 -711.000000
4816.000000 26619.000000 -5271.000000
4824.000000 7123.000000 7101.000000
4832.000000 -8524.000000 33804.000000
4840.000000 752.000000 -7004.000000
4848.000000 -6594.000000 -19160.000000
4856.000000 11109.000000 12852.000000
4864.000000 4346.000000 8560.000000
4872.000000 -7256.000000 9925.000000
4880.000000 13228.000000 6918.000000
4888.000000 -1999.000000 -5480.000000
4896.000000 23402.000000 -17700.000000
4904.000000 2174.000000 30222.000000
4912.000000 1264.000000 17118.000000
4920.000000 -6883.000000 12167.000000
4928.000000 -17132.000000 -5756.000000
4936.000000 3375.000000 -15699.000000
4944.000000 -2129.000000 2255.000000
4952.000000 12972.000000 -304.000000
4960.000000 15849.000000 7986.000000
4968.000000 27952.000000 1009.000000
4976.000000 15798.000000 12243.000000
4984.000000 7476.000000 -7763.000000
4992.000000 9264.000000 -9964.000000
