0.0000000    1.0000000    1.0000000    
0.0080000    0.9834649    0.9928569    
0.0160000    0.9538083    0.9724756    
0.0240000    0.9201907    0.9417657    
0.0320000    0.8822777    0.9048659    
0.0400000    0.8481870    0.8662966    
0.0480000    0.8132871    0.8301326    
0.0560000    0.7839555    0.7994030    
0.0640000    0.7616891    0.7758310    
0.0720000    0.7437596    0.7599116    
0.0800000    0.7400480    0.7512201    
0.0880000    0.7453577    0.7487992    
0.0960000    0.7508909    0.7514833    
0.1040000    0.7618169    0.7580811    
0.1120000    0.7740794    0.7674161    
0.1200000    0.7825805    0.7782853    
0.1280000    0.7925356    0.7894228    
0.1360000    0.8038304    0.7995308    
0.1440000    0.8089351    0.8074006    
0.1520000    0.8180103    0.8120886    
0.1600000    0.8169892    0.8130878    
0.1680000    0.8136132    0.8104287    
0.1760000    0.8038751    0.8046716    
0.1840000    0.7929090    0.7967920    
0.1920000    0.7853083    0.7879925    
0.2000000    0.7791955    0.7794954    
0.2080000    0.7675549    0.7723644    
0.2160000    0.7637764    0.7673839    
0.2240000    0.7616231    0.7650035    
0.2320000    0.7656936    0.7653327    
0.2400000    0.7682877    0.7681693    
0.2480000    0.7723393    0.7730451    
0.2560000    0.7805490    0.7792839    
0.2640000    0.7893292    0.7860734    
0.2720000    0.7958461    0.7925535    
0.2800000    0.8016544    0.7979184    
0.2880000    0.8020325    0.8015206    
0.2960000    0.8050711    0.8029590    
0.3040000    0.8041076    0.8021329    
0.3120000    0.8020091    0.7992497    
0.3200000    0.7948998    0.7947835    
0.3280000    0.7888854    0.7893950    
0.3360000    0.7831689    0.7838289    
0.3440000    0.7775617    0.7788076    
0.3520000    0.7738282    0.7749388    
0.3600000    0.7710008    0.7726479    
0.3680000    0.7755305    0.7721385    
0.3760000    0.7744245    0.7733834    
0.3840000    0.7784695    0.7761423    
0.3920000    0.7824971    0.7800011    
0.4000000    0.7837192    0.7844308    
0.4080000    0.7876549    0.7888560    
0.4160000    0.7908173    0.7927284    
0.4240000    0.7970682    0.7955939    
0.4320000    0.7994498    0.7971456    
0.4400000    0.7995925    0.7972556    
0.4480000    0.7953653    0.7959818    
0.4560000    0.7929048    0.7935498    
0.4640000    0.7871839    0.7903160    
0.4720000    0.7836566    0.7867159    
0.4800000    0.7815397    0.7832075    
0.4880000    0.7761853    0.7802158    
0.4960000    0.7796934    0.7780838    
0.5040000    0.7761727    0.7770354    
0.5120000    0.7776495    0.7771526    
0.5200000    0.7788767    0.7783694    
0.5280000    0.7805514    0.7804847    
0.5360000    0.7818192    0.7831902    
0.5440000    0.7856004    0.7861141    
0.5520000    0.7899612    0.7888710    
0.5600000    0.7908731    0.7911145    
0.5680000    0.7921065    0.7925819    
0.5760000    0.7940062    0.7931249    
0.5840000    0.7940694    0.7927238    
0.5920000    0.7878428    0.7914819    
0.6000000    0.7867603    0.7896035    
0.6080000    0.7851311    0.7873604    
0.6160000    0.7842277    0.7850522    
0.6240000    0.7809911    0.7829673    
0.6320000    0.7780995    0.7813475    
0.6400000    0.7780919    0.7803631    
0.6480000    0.7801582    0.7800968    
0.6560000    0.7759632    0.7805400    
0.6640000    0.7808099    0.7815996    
0.6720000    0.7805829    0.7831133    
0.6800000    0.7852105    0.7848732    
0.6880000    0.7867377    0.7866523    
0.6960000    0.7868091    0.7882330    
0.7040000    0.7892278    0.7894320    
0.7120000    0.7888335    0.7901219    
0.7200000    0.7889912    0.7902438    
0.7280000    0.7879784    0.7898124    
0.7360000    0.7865414    0.7889113    
0.7440000    0.7862731    0.7876801    
0.7520000    0.7840694    0.7862948    
0.7600000    0.7817532    0.7849423    
0.7680000    0.7817130    0.7837954    
0.7760000    0.7814669    0.7829890    
0.7840000    0.7828531    0.7826029    
0.7920000    0.7789740    0.7826545    
0.8000000    0.7791956    0.7831006    
0.8080000    0.7785715    0.7838494    
0.8160000    0.7831861    0.7847793    
0.8240000    0.7828601    0.7857597    
0.8320000    0.7827163    0.7866705    
0.8400000    0.7854763    0.7874153    
0.8480000    0.7882847    0.7879292    
0.8560000    0.7873826    0.7881798    
0.8640000    0.7870559    0.7881637    
0.8720000    0.7855012    0.7879026    
0.8800000    0.7835340    0.7874389    
0.8880000    0.7844616    0.7868328    
0.8960000    0.7837660    0.7861586    
0.9040000    0.7823583    0.7854998    
0.9120000    0.7807988    0.7849413    
0.9200000    0.7829698    0.7845577    
0.9280000    0.7825877    0.7844014    
0.9360000    0.7863710    0.7844917    
0.9440000    0.7860349    0.7848101    
0.9520000    0.7867991    0.7853022    
0.9600000    0.7863827    0.7858874    
0.9680000    0.7877919    0.7864740    
0.9760000    0.7914218    0.7869758    
0.9840000    0.7876354    0.7873261    
0.9920000    0.7874502    0.7874865    
1.0000000    0.7888512    0.7874487    
1.0080000    0.7904022    0.7872308    
1.0160000    0.7899970    0.7868709    
1.0240000    0.7897552    0.7864186    
1.0320000    0.7897159    0.7859292    
1.0400000    0.7880193    0.7854576    
1.0480000    0.7871196    0.7850548    
1.0560000    0.7852494    0.7847633    
1.0640000    0.7866484    0.7846127    
1.0720000    0.7877984    0.7846148    
1.0800000    0.7881637    0.7847611    
1.0880000    0.7851923    0.7850227    
1.0960000    0.7863105    0.7853543    
1.1040000    0.7868848    0.7857022    
1.1120000    0.7878604    0.7860145    
1.1200000    0.7894273    0.7862507    
1.1280000    0.7878115    0.7863884    
1.1360000    0.7879776    0.7864254    
1.1440000    0.7884933    0.7863770    
1.1520000    0.7881478    0.7862696    
1.1600000    0.7885288    0.7861330    
1.1680000    0.7875331    0.7859933    
1.1760000    0.7873209    0.7858691    
1.1840000    0.7867192    0.7857698    
1.1920000    0.7861951    0.7856976    
1.2000000    0.7858692    0.7856498    
1.2080000    0.7853518    0.7856220    
1.2160000    0.7848103    0.7856095    
1.2240000    0.7855158    0.7856083    
1.2320000    0.7858637    0.7856149    
1.2400000    0.7860088    0.7856259    
1.2480000    0.7885805    0.7856382    
1.2560000    0.7863790    0.7856496    
1.2640000    0.7880475    0.7856590    
1.2720000    0.7872746    0.7856673    
1.2800000    0.7870401    0.7856768    
1.2880000    0.7876900    0.7856901    
1.2960000    0.7868846    0.7857091    
1.3040000    0.7871458    0.7857334    
1.3120000    0.7861658    0.7857604    
1.3200000    0.7840302    0.7857863    
1.3280000    0.7879197    0.7858075    
1.3360000    0.7869186    0.7858230    
1.3440000    0.7853754    0.7858347    
1.3520000    0.7847818    0.7858468    
1.3600000    0.7885512    0.7858641    
1.3680000    0.7869861    0.7858889    
1.3760000    0.7867696    0.7859189    
1.3840000    0.7866199    0.7859471    
1.3920000    0.7849615    0.7859635    
1.4000000    0.7867327    0.7859588    
1.4080000    0.7865651    0.7859283    
1.4160000    0.7881657    0.7858747    
1.4240000    0.7884700    0.7858083    
1.4320000    0.7897545    0.7857445    
1.4400000    0.7883707    0.7856988    
1.4480000    0.7898080    0.7856821    
1.4560000    0.7873936    0.7856969    
1.4640000    0.7893421    0.7857373    
1.4720000    0.7881663    0.7857912    
1.4800000    0.7920070    0.7858450    
1.4880000    0.7881349    0.7858891    
1.4960000    0.7861365    0.7859201    
1.5040000    0.7864818    0.7859424    
1.5120000    0.7867683    0.7859642    
1.5200000    0.7862918    0.7859940    
1.5280000    0.7882478    0.7860358    
1.5360000    0.7879692    0.7860861    
1.5440000    0.7882256    0.7861349    
1.5520000    0.7866875    0.7861683    
1.5600000    0.7862721    0.7861739    
1.5680000    0.7823156    0.7861452    
1.5760000    0.7848525    0.7860844    
1.5840000    0.7854403    0.7860027    
1.5920000    0.7784910    0.7859169    
1.6000000    0.7806773    0.7858443    
1.6080000    0.7807873    0.7857984    
1.6160000    0.7837962    0.7857852    
1.6240000    0.7773941    0.7858026    
1.6320000    0.7865348    0.7858422    
1.6400000    0.7808231    0.7858927    
1.6480000    0.7828735    0.7859430    
1.6560000    0.7828740    0.7859849    
1.6640000    0.7842847    0.7860130    
1.6720000    0.7824578    0.7860239    
1.6800000    0.7832752    0.7860151    
1.6880000    0.7863844    0.7859845    
1.6960000    0.7862810    0.7859309    
1.7040000    0.7883671    0.7858566    
1.7120000    0.7847819    0.7857691    
1.7200000    0.7851058    0.7856814    
1.7280000    0.7831551    0.7856101    
1.7360000    0.7836937    0.7855720    
1.7440000    0.7810003    0.7855785    
1.7520000    0.7820851    0.7856322    
1.7600000    0.7834899    0.7857250    
1.7680000    0.7813564    0.7858406    
1.7760000    0.7802512    0.7859589    
1.7840000    0.7815232    0.7860615    
1.7920000    0.7829368    0.7861360    
