0.0000000    1.0000000    1.0000000    
0.0080000    0.9633994    0.9737014    
0.0160000    0.8769080    0.9028524    
0.0240000    0.7721672    0.8086879    
0.0320000    0.6880414    0.7180609    
0.0400000    0.6368203    0.6541729    
0.0480000    0.6306899    0.6291497    
0.0560000    0.6642169    0.6411417    
0.0640000    0.7129811    0.6767178    
0.0720000    0.7596486    0.7172010    
0.0800000    0.7553481    0.7461524    
0.0880000    0.7579565    0.7550049    
0.0960000    0.7378821    0.7448771    
0.1040000    0.7065337    0.7243428    
0.1120000    0.6868031    0.7045923    
0.1200000    0.6859146    0.6943181    
0.1280000    0.6956660    0.6964741    
0.1360000    0.7143446    0.7079911    
0.1440000    0.7289270    0.7221317    
0.1520000    0.7383742    0.7320753    
0.1600000    0.7371401    0.7339843    
0.1680000    0.7249617    0.7282720    
0.1760000    0.7116827    0.7187657    
0.1840000    0.6971967    0.7104427    
0.1920000    0.6972933    0.7069692    
0.2000000    0.7031369    0.7091929    
0.2080000    0.7141518    0.7151522    
0.2160000    0.7211499    0.7213908    
0.2240000    0.7251757    0.7247933    
0.2320000    0.7273647    0.7240179    
0.2400000    0.7200635    0.7199070    
0.2480000    0.7163610    0.7148170    
0.2560000    0.7105784    0.7113156    
0.2640000    0.7128324    0.7109389    
0.2720000    0.7156440    0.7135843    
0.2800000    0.7176933    0.7177449    
0.2880000    0.7174345    0.7213745    
0.2960000    0.7220837    0.7228993    
0.3040000    0.7192660    0.7218883    
0.3120000    0.7105641    0.7191107    
0.3200000    0.7092764    0.7160319    
0.3280000    0.7058252    0.7140526    
0.3360000    0.7104050    0.7138766    
0.3440000    0.7139568    0.7152838    
0.3520000    0.7153527    0.7173594    
0.3600000    0.7210328    0.7190135    
0.3680000    0.7228444    0.7195111    
0.3760000    0.7165059    0.7187668    
0.3840000    0.7158739    0.7172987    
0.3920000    0.7131106    0.7159101    
0.4000000    0.7144265    0.7152820    
0.4080000    0.7151657    0.7156748    
0.4160000    0.7163758    0.7168617    
0.4240000    0.7152862    0.7182897    
0.4320000    0.7136465    0.7193636    
0.4400000    0.7174820    0.7197073    
0.4480000    0.7145307    0.7192882    
0.4560000    0.7120547    0.7183733    
0.4640000    0.7146830    0.7173635    
0.4720000    0.7130664    0.7166018    
0.4800000    0.7139703    0.7162450    
0.4880000    0.7187804    0.7162446    
0.4960000    0.7172315    0.7164233    
0.5040000    0.7218242    0.7165940    
0.5120000    0.7201262    0.7166561    
0.5200000    0.7177923    0.7166294    
0.5280000    0.7156443    0.7166190    
0.5360000    0.7152596    0.7167416    
0.5440000    0.7144513    0.7170541    
0.5520000    0.7151401    0.7175194    
0.5600000    0.7172570    0.7180201    
0.5680000    0.7236523    0.7184085    
0.5760000    0.7205851    0.7185673    
0.5840000    0.7177254    0.7184533    
0.5920000    0.7183212    0.7181097    
0.6000000    0.7159475    0.7176464    
0.6080000    0.7161254    0.7171999    
0.6160000    0.7140327    0.7168894    
0.6240000    0.7167852    0.7167830    
0.6320000    0.7195284    0.7168825    
0.6400000    0.7174946    0.7171284    
0.6480000    0.7140196    0.7174202    
0.6560000    0.7184558    0.7176484    
0.6640000    0.7167968    0.7177280    
0.6720000    0.7155434    0.7176261    
0.6800000    0.7174364    0.7173748    
0.6880000    0.7160024    0.7170641    
0.6960000    0.7191907    0.7168133    
0.7040000    0.7170793    0.7167284    
0.7120000    0.7184424    0.7168603    
0.7200000    0.7200595    0.7171791    
0.7280000    0.7144423    0.7175786    
0.7360000    0.7181935    0.7179117    
0.7440000    0.7170710    0.7180462    
0.7520000    0.7185419    0.7179193    
0.7600000    0.7168291    0.7175669    
0.7680000    0.7180269    0.7171140    
0.7760000    0.7177404    0.7167267    
0.7840000    0.7212633    0.7165460    
0.7920000    0.7179977    0.7166305    
0.8000000    0.7169055    0.7169331    
0.8080000    0.7170015    0.7173234    
0.8160000    0.7169152    0.7176452    
0.8240000    0.7154733    0.7177836    
0.8320000    0.7148534    0.7177109    
0.8400000    0.7154462    0.7174924    
0.8480000    0.7215717    0.7172486    
0.8560000    0.7179930    0.7170966    
0.8640000    0.7183841    0.7170960    
0.8720000    0.7154320    0.7172281    
0.8800000    0.7192235    0.7174132    
0.8880000    0.7177887    0.7175581    
0.8960000    0.7172796    0.7176051    
0.9040000    0.7181757    0.7175590    
0.9120000    0.7204071    0.7174782    
0.9200000    0.7178419    0.7174377    
0.9280000    0.7147441    0.7174831    
0.9360000    0.7186391    0.7176036    
0.9440000    0.7201384    0.7177360    
0.9520000    0.7150025    0.7177986    
0.9600000    0.7136023    0.7177359    
0.9680000    0.7184155    0.7175504    
0.9760000    0.7171941    0.7173042    
0.9840000    0.7200934    0.7170903    
0.9920000    0.7195414    0.7169876    
1.0000000    0.7203531    0.7170236    
1.0080000    0.7188326    0.7171629    
1.0160000    0.7176776    0.7173265    
1.0240000    0.7214198    0.7174306    
1.0320000    0.7160221    0.7174266    
1.0400000    0.7175650    0.7173210    
1.0480000    0.7189647    0.7171683    
1.0560000    0.7172162    0.7170416    
1.0640000    0.7191019    0.7169961    
1.0720000    0.7159906    0.7170438    
1.0800000    0.7139838    0.7171505    
1.0880000    0.7163021    0.7172547    
1.0960000    0.7204660    0.7172982    
1.1040000    0.7164550    0.7172540    
1.1120000    0.7156796    0.7171394    
1.1200000    0.7180215    0.7170085    
1.1280000    0.7178602    0.7169298    
1.1360000    0.7163801    0.7169571    
1.1440000    0.7180671    0.7171064    
1.1520000    0.7187611    0.7173480    
1.1600000    0.7176628    0.7176151    
1.1680000    0.7196513    0.7178272    
1.1760000    0.7186868    0.7179193    
1.1840000    0.7151868    0.7178655    
1.1920000    0.7167478    0.7176896    
1.2000000    0.7183149    0.7174562    
1.2080000    0.7176611    0.7172472    
1.2160000    0.7173013    0.7171298    
1.2240000    0.7160410    0.7171311    
1.2320000    0.7159286    0.7172286    
1.2400000    0.7196779    0.7173616    
1.2480000    0.7148574    0.7174591    
1.2560000    0.7205833    0.7174725    
1.2640000    0.7200232    0.7173968    
1.2720000    0.7174828    0.7172720    
1.2800000    0.7196855    0.7171621    
1.2880000    0.7226155    0.7171234    
1.2960000    0.7179687    0.7171764    
1.3040000    0.7176868    0.7172963    
1.3120000    0.7163425    0.7174261    
1.3200000    0.7143929    0.7175058    
1.3280000    0.7196338    0.7175029    
1.3360000    0.7151809    0.7174277    
1.3440000    0.7164912    0.7173266    
1.3520000    0.7167717    0.7172564    
1.3600000    0.7228058    0.7172546    
1.3680000    0.7182272    0.7173198    
1.3760000    0.7202060    0.7174147    
1.3840000    0.7199631    0.7174871    
1.3920000    0.7178351    0.7174996    
1.4000000    0.7173882    0.7174499    
1.4080000    0.7136582    0.7173719    
1.4160000    0.7161801    0.7173173    
1.4240000    0.7176750    0.7173274    
1.4320000    0.7197802    0.7174111    
1.4400000    0.7167272    0.7175400    
1.4480000    0.7176161    0.7176635    
1.4560000    0.7200519    0.7177337    
1.4640000    0.7184159    0.7177272    
1.4720000    0.7206383    0.7176529    
1.4800000    0.7181389    0.7175416    
1.4880000    0.7154130    0.7174255    
1.4960000    0.7178828    0.7173207    
1.5040000    0.7175481    0.7172224    
1.5120000    0.7173923    0.7171154    
1.5200000    0.7175406    0.7169929    
1.5280000    0.7193921    0.7168712    
1.5360000    0.7145428    0.7167891    
1.5440000    0.7163425    0.7167914    
1.5520000    0.7114974    0.7169034    
1.5600000    0.7152937    0.7171116    
1.5680000    0.7131288    0.7173612    
1.5760000    0.7173714    0.7175760    
1.5840000    0.7173557    0.7176903    
1.5920000    0.7169969    0.7176798    
1.6000000    0.7138441    0.7175742    
1.6080000    0.7210203    0.7174461    
1.6160000    0.7191943    0.7173793    
1.6240000    0.7185106    0.7174321    
1.6320000    0.7204092    0.7176126    
1.6400000    0.7149393    0.7178758    
1.6480000    0.7159459    0.7181446    
1.6560000    0.7170827    0.7183428    
1.6640000    0.7137047    0.7184255    
1.6720000    0.7144857    0.7183927    
1.6800000    0.7166618    0.7182827    
1.6880000    0.7207353    0.7181503    
1.6960000    0.7192527    0.7180421    
1.7040000    0.7209872    0.7179791    
1.7120000    0.7138428    0.7179544    
1.7200000    0.7175807    0.7179435    
1.7280000    0.7190211    0.7179189    
1.7360000    0.7188181    0.7178617    
1.7440000    0.7184107    0.7177657    
1.7520000    0.7192869    0.7176333    
1.7600000    0.7154393    0.7174710    
1.7680000    0.7133682    0.7172870    
1.7760000    0.7125905    0.7170945    
1.7840000    0.7095852    0.7169177    
1.7920000    0.7093998    0.7167933    
