0.0000000    1.0000000    1.0000000    
0.0080000    0.9939319    0.9955727    
0.0160000    0.9782363    0.9824791    
0.0240000    0.9553302    0.9612728    
0.0320000    0.9263405    0.9328379    
0.0400000    0.8920001    0.8983349    
0.0480000    0.8551172    0.8591307    
0.0560000    0.8152639    0.8167189    
0.0640000    0.7742848    0.7726362    
0.0720000    0.7335679    0.7283810    
0.0800000    0.6929887    0.6853402    
0.0880000    0.6543874    0.6447288    
0.0960000    0.6186918    0.6075452    
0.1040000    0.5865655    0.5745449    
0.1120000    0.5593232    0.5462320    
0.1200000    0.5362474    0.5228676    
0.1280000    0.5176333    0.5044921    
0.1360000    0.5038901    0.4909582    
0.1440000    0.4946497    0.4819704    
0.1520000    0.4898078    0.4771268    
0.1600000    0.4888455    0.4759596    
0.1680000    0.4907587    0.4779715    
0.1760000    0.4956044    0.4826647    
0.1840000    0.5025741    0.4895624    
0.1920000    0.5109891    0.4982226    
0.2000000    0.5206869    0.5082433    
0.2080000    0.5313461    0.5192623    
0.2160000    0.5425640    0.5309528    
0.2240000    0.5538322    0.5430161    
0.2320000    0.5647408    0.5551740    
0.2400000    0.5750367    0.5671625    
0.2480000    0.5849124    0.5787279    
0.2560000    0.5933903    0.5896253    
0.2640000    0.6011570    0.5996216    
0.2720000    0.6079364    0.6085002    
0.2800000    0.6133651    0.6160682    
0.2880000    0.6178967    0.6221650    
0.2960000    0.6211020    0.6266705    
0.3040000    0.6226854    0.6295129    
0.3120000    0.6232708    0.6306741    
0.3200000    0.6226088    0.6301924    
0.3280000    0.6203534    0.6281623    
0.3360000    0.6171946    0.6247313    
0.3440000    0.6129997    0.6200933    
0.3520000    0.6078082    0.6144800    
0.3600000    0.6021222    0.6081499    
0.3680000    0.5960009    0.6013766    
0.3760000    0.5896439    0.5944359    
0.3840000    0.5833829    0.5875944    
0.3920000    0.5771769    0.5810980    
0.4000000    0.5719762    0.5751629    
0.4080000    0.5674425    0.5699677    
0.4160000    0.5633770    0.5656487    
0.4240000    0.5606767    0.5622963    
0.4320000    0.5588376    0.5599551    
0.4400000    0.5582324    0.5586251    
0.4480000    0.5585430    0.5582652    
0.4560000    0.5598045    0.5587983    
0.4640000    0.5616911    0.5601174    
0.4720000    0.5644946    0.5620927    
0.4800000    0.5678542    0.5645793    
0.4880000    0.5713392    0.5674243    
0.4960000    0.5751054    0.5704746    
0.5040000    0.5786009    0.5735832    
0.5120000    0.5819059    0.5766149    
0.5200000    0.5849441    0.5794515    
0.5280000    0.5875205    0.5819950    
0.5360000    0.5895783    0.5841702    
0.5440000    0.5911559    0.5859254    
0.5520000    0.5918037    0.5872331    
0.5600000    0.5920614    0.5880880    
0.5680000    0.5918122    0.5885056    
0.5760000    0.5910773    0.5885189    
0.5840000    0.5899029    0.5881757    
0.5920000    0.5884450    0.5875344    
0.6000000    0.5868072    0.5866603    
0.6080000    0.5848696    0.5856226    
0.6160000    0.5830562    0.5844900    
0.6240000    0.5810585    0.5833284    
0.6320000    0.5789523    0.5821981    
0.6400000    0.5774125    0.5811516    
0.6480000    0.5760398    0.5802323    
0.6560000    0.5747733    0.5794733    
0.6640000    0.5738983    0.5788976    
0.6720000    0.5733844    0.5785172    
0.6800000    0.5730573    0.5783345    
0.6880000    0.5730943    0.5783426    
0.6960000    0.5733989    0.5785263    
0.7040000    0.5738917    0.5788637    
0.7120000    0.5745250    0.5793275    
0.7200000    0.5752926    0.5798865    
0.7280000    0.5765786    0.5805069    
0.7360000    0.5775609    0.5811543    
0.7440000    0.5785384    0.5817948    
0.7520000    0.5795949    0.5823968    
0.7600000    0.5806076    0.5829316    
0.7680000    0.5815752    0.5833754    
0.7760000    0.5823734    0.5837094    
0.7840000    0.5832331    0.5839210    
0.7920000    0.5838164    0.5840037    
0.8000000    0.5840063    0.5839577    
0.8080000    0.5841215    0.5837892    
0.8160000    0.5841533    0.5835103    
0.8240000    0.5839066    0.5831378    
0.8320000    0.5834197    0.5826925    
0.8400000    0.5827704    0.5821979    
0.8480000    0.5820268    0.5816789    
0.8560000    0.5813026    0.5811604    
0.8640000    0.5802433    0.5806663    
0.8720000    0.5791679    0.5802181    
0.8800000    0.5785141    0.5798340    
0.8880000    0.5779204    0.5795284    
0.8960000    0.5770722    0.5793112    
0.9040000    0.5765796    0.5791878    
0.9120000    0.5762751    0.5791590    
0.9200000    0.5761151    0.5792216    
0.9280000    0.5760917    0.5793684    
0.9360000    0.5765086    0.5795893    
0.9440000    0.5770905    0.5798716    
0.9520000    0.5779069    0.5802010    
0.9600000    0.5785988    0.5805620    
0.9680000    0.5792569    0.5809387    
0.9760000    0.5804029    0.5813153    
0.9840000    0.5812009    0.5816767    
0.9920000    0.5821084    0.5820088    
1.0000000    0.5829777    0.5822990    
1.0080000    0.5836331    0.5825364    
1.0160000    0.5843979    0.5827124    
1.0240000    0.5847613    0.5828206    
1.0320000    0.5846932    0.5828573    
1.0400000    0.5848692    0.5828215    
1.0480000    0.5848742    0.5827151    
1.0560000    0.5846083    0.5825426    
1.0640000    0.5843927    0.5823114    
1.0720000    0.5837086    0.5820313    
1.0800000    0.5831851    0.5817141    
1.0880000    0.5826351    0.5813730    
1.0960000    0.5819044    0.5810223    
1.1040000    0.5810425    0.5806765    
1.1120000    0.5802356    0.5803496    
1.1200000    0.5794876    0.5800545    
1.1280000    0.5786662    0.5798024    
1.1360000    0.5780988    0.5796025    
1.1440000    0.5776027    0.5794614    
1.1520000    0.5771586    0.5793831    
1.1600000    0.5770735    0.5793690    
1.1680000    0.5770393    0.5794180    
1.1760000    0.5769765    0.5795266    
1.1840000    0.5771862    0.5796894    
1.1920000    0.5773616    0.5798993    
1.2000000    0.5778947    0.5801478    
1.2080000    0.5784575    0.5804254    
1.2160000    0.5791275    0.5807220    
1.2240000    0.5796401    0.5810270    
1.2320000    0.5804486    0.5813297    
1.2400000    0.5814556    0.5816195    
1.2480000    0.5817114    0.5818865    
1.2560000    0.5826643    0.5821213    
1.2640000    0.5832205    0.5823160    
1.2720000    0.5835210    0.5824640    
1.2800000    0.5839723    0.5825607    
1.2880000    0.5843970    0.5826038    
1.2960000    0.5845913    0.5825934    
1.3040000    0.5847149    0.5825323    
1.3120000    0.5847276    0.5824255    
1.3200000    0.5845802    0.5822806    
1.3280000    0.5844810    0.5821067    
1.3360000    0.5842857    0.5819142    
1.3440000    0.5838089    0.5817138    
1.3520000    0.5833069    0.5815162    
1.3600000    0.5827231    0.5813306    
1.3680000    0.5821181    0.5811648    
1.3760000    0.5816814    0.5810242    
1.3840000    0.5811344    0.5809117    
1.3920000    0.5804289    0.5808275    
1.4000000    0.5798789    0.5807695    
1.4080000    0.5796270    0.5807336    
1.4160000    0.5790975    0.5807144    
1.4240000    0.5792112    0.5807058    
1.4320000    0.5788140    0.5807017    
1.4400000    0.5788135    0.5806967    
1.4480000    0.5790736    0.5806869    
1.4560000    0.5793111    0.5806698    
1.4640000    0.5794351    0.5806448    
1.4720000    0.5795183    0.5806132    
1.4800000    0.5799815    0.5805775    
1.4880000    0.5803430    0.5805415    
1.4960000    0.5809306    0.5805095    
1.5040000    0.5814338    0.5804858    
1.5120000    0.5816750    0.5804742    
1.5200000    0.5819510    0.5804774    
1.5280000    0.5822609    0.5804970    
1.5360000    0.5824811    0.5805330    
1.5440000    0.5827218    0.5805839    
1.5520000    0.5829567    0.5806473    
1.5600000    0.5828281    0.5807194    
1.5680000    0.5826343    0.5807962    
1.5760000    0.5826635    0.5808734    
1.5840000    0.5827531    0.5809470    
1.5920000    0.5826261    0.5810138    
1.6000000    0.5826736    0.5810715    
1.6080000    0.5823784    0.5811189    
1.6160000    0.5818655    0.5811561    
1.6240000    0.5817390    0.5811840    
1.6320000    0.5813721    0.5812045    
1.6400000    0.5810160    0.5812200    
1.6480000    0.5806527    0.5812328    
1.6560000    0.5802261    0.5812452    
1.6640000    0.5800509    0.5812588    
1.6720000    0.5797581    0.5812740    
1.6800000    0.5794572    0.5812907    
1.6880000    0.5796240    0.5813073    
1.6960000    0.5797204    0.5813214    
1.7040000    0.5796991    0.5813300    
1.7120000    0.5795967    0.5813297    
1.7200000    0.5794289    0.5813172    
1.7280000    0.5795597    0.5812898    
1.7360000    0.5799884    0.5812458    
1.7440000    0.5795940    0.5811848    
1.7520000    0.5797805    0.5811079    
1.7600000    0.5801532    0.5810178    
1.7680000    0.5804444    0.5809184    
1.7760000    0.5808463    0.5808149    
1.7840000    0.5807341    0.5807132    
1.7920000    0.5806329    0.5806193    
1.8000000    0.5809579    0.5805387    
1.8080000    0.5812441    0.5804761    
1.8160000    0.5813627    0.5804352    
1.8240000    0.5815043    0.5804175    
1.8320000    0.5816522    0.5804233    
1.8400000    0.5816852    0.5804510    
1.8480000    0.5815978    0.5804976    
1.8560000    0.5816790    0.5805588    
1.8640000    0.5814425    0.5806298    
1.8720000    0.5811423    0.5807055    
1.8800000    0.5811008    0.5807808    
1.8880000    0.5812891    0.5808515    
1.8960000    0.5811465    0.5809141    
1.9040000    0.5811477    0.5809661    
1.9120000    0.5805995    0.5810064    
1.9200000    0.5805139    0.5810345    
1.9280000    0.5803504    0.5810513    
1.9360000    0.5804884    0.5810581    
1.9440000    0.5805640    0.5810568    
1.9520000    0.5806073    0.5810496    
1.9600000    0.5804128    0.5810387    
1.9680000    0.5804716    0.5810260    
1.9760000    0.5804786    0.5810136    
1.9840000    0.5805254    0.5810030    
1.9920000    0.5805916    0.5809953    
2.0000000    0.5806195    0.5809914    
2.0080000    0.5808611    0.5809916    
2.0160000    0.5808980    0.5809962    
2.0240000    0.5808389    0.5810047    
2.0320000    0.5808029    0.5810165    
2.0400000    0.5808539    0.5810306    
2.0480000    0.5809902    0.5810458    
2.0560000    0.5808336    0.5810607    
2.0640000    0.5807830    0.5810738    
2.0720000    0.5809505    0.5810836    
2.0800000    0.5809615    0.5810890    
2.0880000    0.5807463    0.5810891    
2.0960000    0.5809491    0.5810832    
2.1040000    0.5810034    0.5810714    
2.1120000    0.5811684    0.5810544    
2.1200000    0.5813030    0.5810333    
2.1280000    0.5812372    0.5810096    
2.1360000    0.5807570    0.5809851    
2.1440000    0.5808919    0.5809620    
2.1520000    0.5808556    0.5809423    
2.1600000    0.5807331    0.5809277    
2.1680000    0.5808118    0.5809198    
2.1760000    0.5806646    0.5809194    
2.1840000    0.5806430    0.5809270    
2.1920000    0.5806272    0.5809425    
2.2000000    0.5808320    0.5809650    
2.2080000    0.5810024    0.5809936    
2.2160000    0.5806521    0.5810267    
2.2240000    0.5811810    0.5810624    
2.2320000    0.5813970    0.5810989    
2.2400000    0.5809742    0.5811342    
2.2480000    0.5813357    0.5811664    
2.2560000    0.5812163    0.5811937    
2.2640000    0.5815347    0.5812145    
2.2720000    0.5818204    0.5812274    
2.2800000    0.5817863    0.5812314    
2.2880000    0.5817200    0.5812260    
2.2960000    0.5818078    0.5812111    
2.3040000    0.5817212    0.5811871    
2.3120000    0.5816431    0.5811551    
2.3200000    0.5812835    0.5811170    
2.3280000    0.5812034    0.5810751    
2.3360000    0.5811377    0.5810323    
2.3440000    0.5814755    0.5809919    
2.3520000    0.5813334    0.5809575    
2.3600000    0.5813979    0.5809323    
2.3680000    0.5815024    0.5809193    
2.3760000    0.5812824    0.5809208    
2.3840000    0.5810919    0.5809381    
2.3920000    0.5810128    0.5809715    
2.4000000    0.5810270    0.5810201    
2.4080000    0.5808770    0.5810816    
2.4160000    0.5809173    0.5811529    
2.4240000    0.5809774    0.5812301    
2.4320000    0.5809545    0.5813088    
2.4400000    0.5808486    0.5813844    
2.4480000    0.5807800    0.5814528    
2.4560000    0.5806612    0.5815105    
2.4640000    0.5804257    0.5815548    
2.4720000    0.5804657    0.5815843    
2.4800000    0.5806850    0.5815986    
2.4880000    0.5807104    0.5815986    
2.4960000    0.5806739    0.5815859    
