9.0593       0.0000       
9.0603       0.0000       
9.0613       0.0000       
9.0623       0.0000       
9.0633       0.0000       
9.0643       0.0000       
9.0653       0.0000       
9.0663       0.0000       
9.0673       0.0000       
9.0683       0.0000       
9.0693       0.0000       
9.0703       0.0000       
9.0713       0.0000       
9.0723       0.0000       
9.0733       0.0000       
9.0743       0.0000       
9.0753       0.0000       
9.0763       0.0000       
9.0773       0.0000       
9.0783       0.0000       
9.0793       0.0000       
9.0803       0.0000       
9.0813       0.0000       
9.0823       0.0000       
9.0833       0.0000       
9.0843       0.0000       
9.0853       0.0000       
9.0863       0.0000       
9.0873       0.0000       
9.0883       0.0000       
9.0893       0.0000       
9.0903       0.0000       
9.0913       0.0000       
9.0923       0.0000       
9.0933       0.0000       
9.0943       0.0000       
9.0953       0.0000       
9.0963       0.0000       
9.0973       0.0000       
9.0983       0.0000       
9.0993       0.0000       
9.1003       0.0000       
9.1013       0.0000       
9.1023       0.0000       
9.1033       0.0000       
9.1043       0.0000       
9.1053       0.0000       
9.1063       0.0000       
9.1073       0.0000       
9.1083       0.0000       
9.1093       0.0000       
9.1103       0.0000       
9.1113       0.0000       
9.1123       0.0000       
9.1133       0.0000       
9.1143       0.0000       
9.1153       0.0000       
9.1163       0.0000       
9.1173       0.0000       
9.1183       0.0000       
9.1193       0.0000       
9.1203       0.0000       
9.1213       0.0000       
9.1223       0.0000       
9.1233       0.0000       
9.1243       0.0000       
9.1253       0.0000       
9.1263       0.0000       
9.1273       0.0000       
9.1283       0.0000       
9.1293       0.0000       
9.1303       0.0000       
9.1313       0.0000       
9.1323       0.0000       
9.1333       0.0000       
9.1343       0.0000       
9.1353       0.0000       
9.1363       0.0000       
9.1373       0.0000       
9.1383       0.0000       
9.1393       0.0000       
9.1403       0.0000       
9.1413       0.0000       
9.1423       0.0000       
9.1433       0.0000       
9.1443       0.0000       
9.1453       0.0000       
9.1463       0.0000       
9.1473       0.0000       
9.1483       0.0000       
9.1493       0.0000       
9.1503       0.0000       
9.1513       0.0000       
9.1523       0.0000       
9.1533       0.0000       
9.1543       0.0000       
9.1553       0.0000       
9.1563       0.0000       
9.1573       0.0000       
9.1583       0.0000       
9.1593       0.2500       
9.1603       0.0000       
9.1613       0.0000       
9.1623       0.0000       
9.1633       0.0000       
9.1643       0.0000       
9.1653       0.0000       
9.1663       0.0000       
9.1673       0.2500       
9.1683       0.0000       
9.1693       0.0000       
9.1703       0.0000       
9.1713       0.0000       
9.1723       0.0000       
9.1733       0.0000       
9.1743       0.0000       
9.1753       0.0000       
9.1763       0.0000       
9.1773       0.0000       
9.1783       0.0000       
9.1793       0.2500       
9.1803       0.2500       
9.1813       0.0000       
9.1823       0.0000       
9.1833       0.0000       
9.1843       0.0000       
9.1853       0.0000       
9.1863       0.0000       
9.1873       0.0000       
9.1883       0.0000       
9.1893       0.0000       
9.1903       0.0000       
9.1913       0.0000       
9.1923       0.0000       
9.1933       0.2500       
9.1943       0.0000       
9.1953       0.0000       
9.1963       0.0000       
9.1973       0.0000       
9.1983       0.2500       
9.1993       0.0000       
9.2003       0.0000       
9.2013       0.0000       
9.2023       0.2500       
9.2033       0.5000       
9.2043       0.0000       
9.2053       0.0000       
9.2063       0.2500       
9.2073       0.0000       
9.2083       0.0000       
9.2093       0.0000       
9.2103       0.0000       
9.2113       0.0000       
9.2123       0.5000       
9.2133       0.0000       
9.2143       0.0000       
9.2153       1.0000       
9.2163       0.2500       
9.2173       0.0000       
9.2183       0.2500       
9.2193       0.0000       
9.2203       0.7500       
9.2213       0.0000       
9.2223       0.2500       
9.2233       0.2500       
9.2243       0.2500       
9.2253       0.5000       
9.2263       0.2500       
9.2273       0.0000       
9.2283       0.5000       
9.2293       0.5000       
9.2303       0.5000       
9.2313       0.0000       
9.2323       0.0000       
9.2333       0.5000       
9.2343       0.2500       
9.2353       0.7500       
9.2363       0.0000       
9.2373       0.0000       
9.2383       0.2500       
9.2393       0.7500       
9.2403       0.5000       
9.2413       0.0000       
9.2423       0.0000       
9.2433       0.0000       
9.2443       0.2500       
9.2453       0.2500       
9.2463       0.7500       
9.2473       0.0000       
9.2483       0.5000       
9.2493       0.7500       
9.2503       1.0000       
9.2513       0.7500       
9.2523       0.2500       
9.2533       0.5000       
9.2543       0.2500       
9.2553       1.0000       
9.2563       0.5000       
9.2573       1.2500       
9.2583       0.5000       
9.2593       0.5000       
9.2603       0.0000       
9.2613       1.5000       
9.2623       1.0000       
9.2633       0.0000       
9.2643       0.5000       
9.2653       1.0000       
9.2663       0.7500       
9.2673       1.2500       
9.2683       1.2500       
9.2693       0.7500       
9.2703       1.2500       
9.2713       1.0000       
9.2723       1.2500       
9.2733       1.0000       
9.2743       1.2500       
9.2753       1.7500       
9.2763       2.0000       
9.2773       1.5000       
9.2783       1.7500       
9.2793       0.5000       
9.2803       1.5000       
9.2813       1.7500       
9.2823       2.5000       
9.2833       1.5000       
9.2843       1.0000       
9.2853       1.0000       
9.2863       2.5000       
9.2873       1.2500       
9.2883       1.7500       
9.2893       1.7500       
9.2903       1.7500       
9.2913       1.2500       
9.2923       1.7500       
9.2933       3.2500       
9.2943       3.0000       
9.2953       2.2500       
9.2963       2.7500       
9.2973       3.7500       
9.2983       3.2500       
9.2993       2.7500       
9.3003       3.0000       
9.3013       3.5000       
9.3023       2.7500       
9.3033       2.0000       
9.3043       5.5000       
9.3053       4.2500       
9.3063       3.2500       
9.3073       4.5000       
9.3083       4.2500       
9.3093       4.2500       
9.3103       3.0000       
9.3113       4.2500       
9.3123       2.7500       
9.3133       4.0000       
9.3143       5.2500       
9.3153       3.7500       
9.3163       5.0000       
9.3173       5.0000       
9.3183       8.7500       
9.3193       8.0000       
9.3203       6.0000       
9.3213       5.2500       
9.3223       4.2500       
9.3233       4.5000       
9.3243       5.5000       
9.3253       6.2500       
9.3263       6.7500       
9.3273       7.0000       
9.3283       7.0000       
9.3293       9.5000       
9.3303       8.2500       
9.3313       9.0000       
9.3323       9.7500       
9.3333       6.5000       
9.3343       9.7500       
9.3353       12.0000      
9.3363       9.2500       
9.3373       8.7500       
9.3383       9.7500       
9.3393       10.2500      
9.3403       7.0000       
9.3413       12.0000      
9.3423       17.0000      
9.3433       9.2500       
9.3443       15.7500      
9.3453       13.0000      
9.3463       13.7500      
9.3473       12.5000      
9.3483       15.5000      
9.3493       14.0000      
9.3503       16.5000      
9.3513       14.2500      
9.3523       17.2500      
9.3533       13.2500      
9.3543       19.5000      
9.3553       12.2500      
9.3563       16.2500      
9.3573       14.0000      
9.3583       20.0000      
9.3593       17.2500      
9.3603       23.7500      
9.3613       17.0000      
9.3623       19.7500      
9.3633       17.7500      
9.3643       17.5000      
9.3653       25.2500      
9.3663       20.2500      
9.3673       20.5000      
9.3683       25.2500      
9.3693       21.5000      
9.3703       24.0000      
9.3713       26.5000      
9.3723       27.0000      
9.3733       25.2500      
9.3743       27.7500      
9.3753       27.5000      
9.3763       29.0000      
9.3773       27.5000      
9.3783       27.5000      
9.3793       33.0000      
9.3803       31.0000      
9.3813       29.0000      
9.3823       29.0000      
9.3833       35.2500      
9.3843       38.5000      
9.3853       38.7500      
9.3863       35.2500      
9.3873       41.0000      
9.3883       33.2500      
9.3893       36.2500      
9.3903       43.0000      
9.3913       44.2500      
9.3923       41.7500      
9.3933       48.2500      
9.3943       37.5000      
9.3953       45.7500      
9.3963       46.2500      
9.3973       49.7500      
9.3983       53.7500      
9.3993       50.5000      
9.4003       53.7500      
9.4013       50.7500      
9.4023       49.2500      
9.4033       52.2500      
9.4043       51.0000      
9.4053       54.5000      
9.4063       55.2500      
9.4073       66.2500      
9.4083       67.5000      
9.4093       64.5000      
9.4103       61.5000      
9.4113       62.7500      
9.4123       66.0000      
9.4133       63.0000      
9.4143       64.7500      
9.4153       68.5000      
9.4163       72.2500      
9.4173       80.2500      
9.4183       75.0000      
9.4193       78.5000      
9.4203       70.0000      
9.4213       72.7500      
9.4223       82.7500      
9.4233       80.2500      
9.4243       72.7500      
9.4253       78.5000      
9.4263       94.2500      
9.4273       85.7500      
9.4283       84.5000      
9.4293       89.2500      
9.4303       92.7500      
9.4313       90.5000      
9.4323       93.7500      
9.4333       101.0000     
9.4343       106.0000     
9.4353       104.5000     
9.4363       98.0000      
9.4373       99.7500      
9.4383       103.0000     
9.4393       99.7500      
9.4403       113.0000     
9.4413       118.5000     
9.4423       118.7500     
9.4433       110.5000     
9.4443       121.7500     
9.4453       113.7500     
9.4463       126.2500     
9.4473       126.5000     
9.4483       127.2500     
9.4493       132.2500     
9.4503       127.7500     
9.4513       133.0000     
9.4523       142.2500     
9.4533       131.0000     
9.4543       131.7500     
9.4553       129.5000     
9.4563       141.2500     
9.4573       150.5000     
9.4583       138.5000     
9.4593       140.2500     
9.4603       149.5000     
9.4613       154.2500     
9.4623       154.0000     
9.4633       159.2500     
9.4643       154.7500     
9.4653       160.0000     
9.4663       169.2500     
9.4673       173.5000     
9.4683       160.0000     
9.4693       179.0000     
9.4703       166.5000     
9.4713       176.0000     
9.4723       176.7500     
9.4733       187.2500     
9.4743       176.7500     
9.4753       187.7500     
9.4763       180.0000     
9.4773       198.7500     
9.4783       194.7500     
9.4793       190.2500     
9.4803       197.2500     
9.4813       199.7500     
9.4823       198.7500     
9.4833       202.0000     
9.4843       211.7500     
9.4853       208.7500     
9.4863       196.7500     
9.4873       208.0000     
9.4883       203.7500     
9.4893       222.7500     
9.4903       209.0000     
9.4913       206.0000     
9.4923       222.7500     
9.4933       221.5000     
9.4943       232.0000     
9.4953       231.2500     
9.4963       234.5000     
9.4973       231.2500     
9.4983       229.0000     
9.4993       243.5000     
9.5003       232.5000     
9.5013       232.0000     
9.5023       243.5000     
9.5033       249.7500     
9.5043       250.0000     
9.5053       258.5000     
9.5063       263.2500     
9.5073       256.0000     
9.5083       280.2500     
9.5093       260.7500     
9.5103       278.2500     
9.5113       266.5000     
9.5123       277.0000     
9.5133       270.7500     
9.5143       262.2500     
9.5153       293.5000     
9.5163       286.0000     
9.5173       288.0000     
9.5183       282.7500     
9.5193       289.0000     
9.5203       287.7500     
9.5213       299.5000     
9.5223       293.0000     
9.5233       292.5000     
9.5243       301.7500     
9.5253       293.2500     
9.5263       299.7500     
9.5273       311.0000     
9.5283       322.0000     
9.5293       314.0000     
9.5303       303.7500     
9.5313       322.7500     
9.5323       306.0000     
9.5333       319.5000     
9.5343       312.0000     
9.5353       333.2500     
9.5363       344.2500     
9.5373       324.7500     
9.5383       328.5000     
9.5393       340.5000     
9.5403       335.7500     
9.5413       351.7500     
9.5423       335.5000     
9.5433       331.7500     
9.5443       347.5000     
9.5453       339.0000     
9.5463       346.2500     
9.5473       344.7500     
9.5483       371.0000     
9.5493       350.5000     
9.5503       360.5000     
9.5513       343.2500     
9.5523       369.5000     
9.5533       361.0000     
9.5543       366.0000     
9.5553       355.2500     
9.5563       369.2500     
9.5573       375.7500     
9.5583       365.2500     
9.5593       379.2500     
9.5603       380.5000     
9.5613       372.7500     
9.5623       360.7500     
9.5633       382.2500     
9.5643       365.2500     
9.5653       364.0000     
9.5663       376.0000     
9.5673       388.5000     
9.5683       389.0000     
9.5693       387.5000     
9.5703       385.5000     
9.5713       389.0000     
9.5723       393.2500     
9.5733       391.2500     
9.5743       390.7500     
9.5753       400.7500     
9.5763       403.2500     
9.5773       402.5000     
9.5783       389.5000     
9.5793       408.0000     
9.5803       422.7500     
9.5813       398.2500     
9.5823       405.5000     
9.5833       422.7500     
9.5843       416.5000     
9.5853       421.7500     
9.5863       412.2500     
9.5873       432.7500     
9.5883       414.2500     
9.5893       421.5000     
9.5903       431.0000     
9.5913       405.5000     
9.5923       440.7500     
9.5933       416.7500     
9.5943       434.0000     
9.5953       409.2500     
9.5963       436.7500     
9.5973       419.5000     
9.5983       432.2500     
9.5993       427.0000     
9.6003       402.0000     
9.6013       436.7500     
9.6023       422.2500     
9.6033       426.0000     
9.6043       419.0000     
9.6053       446.7500     
9.6063       446.5000     
9.6073       428.7500     
9.6083       445.2500     
9.6093       441.5000     
9.6103       433.7500     
9.6113       427.2500     
9.6123       435.0000     
9.6133       428.2500     
9.6143       429.5000     
9.6153       451.0000     
9.6163       433.2500     
9.6173       454.0000     
9.6183       443.5000     
9.6193       431.0000     
9.6203       465.0000     
9.6213       443.0000     
9.6223       464.2500     
9.6233       461.5000     
9.6243       430.5000     
9.6253       447.5000     
9.6263       433.7500     
9.6273       453.5000     
9.6283       460.2500     
9.6293       454.5000     
9.6303       459.2500     
9.6313       424.2500     
9.6323       455.5000     
9.6333       452.0000     
9.6343       436.0000     
9.6353       456.2500     
9.6363       442.2500     
9.6373       452.2500     
9.6383       473.5000     
9.6393       444.7500     
9.6403       464.2500     
9.6413       469.0000     
9.6423       445.5000     
9.6433       441.7500     
9.6443       456.0000     
9.6453       447.5000     
9.6463       452.2500     
9.6473       451.7500     
9.6483       458.0000     
9.6493       463.0000     
9.6503       466.2500     
9.6513       440.5000     
9.6523       443.0000     
9.6533       445.2500     
9.6543       457.7500     
9.6553       461.2500     
9.6563       468.5000     
9.6573       472.5000     
9.6583       462.7500     
9.6593       468.5000     
9.6603       460.0000     
9.6613       457.2500     
9.6623       474.7500     
9.6633       468.7500     
9.6643       457.5000     
9.6653       468.7500     
9.6663       458.0000     
9.6673       444.2500     
9.6683       453.5000     
9.6693       461.7500     
9.6703       453.7500     
9.6713       468.0000     
9.6723       462.0000     
9.6733       485.2500     
9.6743       466.2500     
9.6753       456.0000     
9.6763       459.2500     
9.6773       463.0000     
9.6783       466.0000     
9.6793       462.0000     
9.6803       472.0000     
9.6813       460.2500     
9.6823       434.2500     
9.6833       454.0000     
9.6843       450.2500     
9.6853       456.2500     
9.6863       458.2500     
9.6873       459.5000     
9.6883       459.5000     
9.6893       456.2500     
9.6903       462.7500     
9.6913       447.2500     
9.6923       454.2500     
9.6933       442.5000     
9.6943       476.2500     
9.6953       464.0000     
9.6963       456.0000     
9.6973       475.5000     
9.6983       454.2500     
9.6993       462.0000     
9.7003       448.5000     
9.7013       432.2500     
9.7023       460.0000     
9.7033       442.7500     
9.7043       447.2500     
9.7053       449.2500     
9.7063       474.7500     
9.7073       453.7500     
9.7083       452.7500     
9.7093       454.5000     
9.7103       458.0000     
9.7113       453.0000     
9.7123       456.7500     
9.7133       436.5000     
9.7143       472.5000     
9.7153       434.5000     
9.7163       440.2500     
9.7173       439.0000     
9.7183       452.7500     
9.7193       459.2500     
9.7203       442.0000     
9.7213       425.7500     
9.7223       423.7500     
9.7233       434.5000     
9.7243       453.7500     
9.7253       450.2500     
9.7263       439.7500     
9.7273       441.5000     
9.7283       447.7500     
9.7293       437.7500     
9.7303       422.0000     
9.7313       434.7500     
9.7323       425.0000     
9.7333       428.2500     
9.7343       432.7500     
9.7353       446.2500     
9.7363       434.5000     
9.7373       425.0000     
9.7383       436.2500     
9.7393       438.0000     
9.7403       416.7500     
9.7413       418.2500     
9.7423       435.0000     
9.7433       421.0000     
9.7443       430.2500     
9.7453       405.5000     
9.7463       414.5000     
9.7473       401.2500     
9.7483       420.2500     
9.7493       418.7500     
9.7503       400.2500     
9.7513       428.2500     
9.7523       400.0000     
9.7533       415.0000     
9.7543       422.2500     
9.7553       397.0000     
9.7563       421.2500     
9.7573       420.5000     
9.7583       404.2500     
9.7593       431.5000     
9.7603       409.0000     
9.7613       398.0000     
9.7623       404.0000     
9.7633       404.5000     
9.7643       389.0000     
9.7653       417.2500     
9.7663       408.7500     
9.7673       403.7500     
9.7683       407.7500     
9.7693       405.2500     
9.7703       406.0000     
9.7713       384.5000     
9.7723       385.0000     
9.7733       419.5000     
9.7743       378.2500     
9.7753       395.5000     
9.7763       389.7500     
9.7773       372.5000     
9.7783       383.2500     
9.7793       392.2500     
9.7803       384.5000     
9.7813       380.7500     
9.7823       380.0000     
9.7833       387.0000     
9.7843       372.5000     
9.7853       372.7500     
9.7863       380.2500     
9.7873       382.2500     
9.7883       374.7500     
9.7893       385.2500     
9.7903       372.7500     
9.7913       384.7500     
9.7923       360.5000     
9.7933       376.7500     
9.7943       365.7500     
9.7953       373.7500     
9.7963       370.5000     
9.7973       332.2500     
9.7983       373.2500     
9.7993       364.5000     
9.8003       367.7500     
9.8013       343.7500     
9.8023       349.7500     
9.8033       361.0000     
9.8043       371.7500     
9.8053       352.7500     
9.8063       341.5000     
9.8073       353.7500     
9.8083       356.0000     
9.8093       354.5000     
9.8103       350.7500     
9.8113       345.2500     
9.8123       335.0000     
9.8133       349.2500     
9.8143       350.2500     
9.8153       345.7500     
9.8163       338.0000     
9.8173       342.0000     
9.8183       353.2500     
9.8193       339.7500     
9.8203       341.5000     
9.8213       333.5000     
9.8223       335.7500     
9.8233       324.5000     
9.8243       327.2500     
9.8253       330.2500     
9.8263       343.0000     
9.8273       330.0000     
9.8283       331.5000     
9.8293       332.5000     
9.8303       320.2500     
9.8313       322.7500     
9.8323       321.7500     
9.8333       314.5000     
9.8343       319.0000     
9.8353       332.5000     
9.8363       314.7500     
9.8373       318.2500     
9.8383       317.0000     
9.8393       314.0000     
9.8403       303.0000     
9.8413       308.0000     
9.8423       299.2500     
9.8433       316.5000     
9.8443       296.7500     
9.8453       299.0000     
9.8463       299.2500     
9.8473       320.2500     
9.8483       310.7500     
9.8493       311.7500     
9.8503       294.5000     
9.8513       309.7500     
9.8523       305.0000     
9.8533       286.2500     
9.8543       302.0000     
9.8553       302.7500     
9.8563       292.7500     
9.8573       296.2500     
9.8583       297.0000     
9.8593       297.7500     
9.8603       286.0000     
9.8613       281.7500     
9.8623       281.0000     
9.8633       296.7500     
9.8643       302.7500     
9.8653       291.5000     
9.8663       286.5000     
9.8673       289.2500     
9.8683       287.2500     
9.8693       291.0000     
9.8703       285.2500     
9.8713       297.2500     
9.8723       272.2500     
9.8733       284.7500     
9.8743       282.5000     
9.8753       261.0000     
9.8763       262.2500     
9.8773       280.0000     
9.8783       278.0000     
9.8793       273.0000     
9.8803       268.0000     
9.8813       272.2500     
9.8823       247.5000     
9.8833       259.0000     
9.8843       270.2500     
9.8853       257.2500     
9.8863       279.7500     
9.8873       260.0000     
9.8883       265.7500     
9.8893       256.5000     
9.8903       284.0000     
9.8913       267.2500     
9.8923       265.7500     
9.8933       263.5000     
9.8943       258.0000     
9.8953       260.2500     
9.8963       271.5000     
9.8973       260.7500     
9.8983       270.2500     
9.8993       239.0000     
9.9003       259.0000     
9.9013       258.7500     
9.9023       263.0000     
9.9033       256.7500     
9.9043       253.2500     
9.9053       246.2500     
9.9063       240.7500     
9.9073       253.2500     
9.9083       248.5000     
9.9093       258.0000     
9.9103       263.7500     
9.9113       249.5000     
9.9123       233.5000     
9.9133       231.2500     
9.9143       248.7500     
9.9153       240.0000     
9.9163       248.5000     
9.9173       231.7500     
9.9183       240.0000     
9.9193       243.7500     
9.9203       251.5000     
9.9213       241.7500     
9.9223       237.2500     
9.9233       238.0000     
9.9243       226.2500     
9.9253       228.2500     
9.9263       226.0000     
9.9273       234.5000     
9.9283       247.7500     
9.9293       222.5000     
9.9303       231.0000     
9.9313       243.2500     
9.9323       228.7500     
9.9333       216.7500     
9.9343       234.0000     
9.9353       227.7500     
9.9363       228.0000     
9.9373       228.5000     
9.9383       223.7500     
9.9393       222.7500     
9.9403       227.7500     
9.9413       230.7500     
9.9423       216.2500     
9.9433       210.0000     
9.9443       214.5000     
9.9453       226.7500     
9.9463       218.5000     
9.9473       209.0000     
9.9483       222.2500     
9.9493       220.7500     
9.9503       207.0000     
9.9513       216.0000     
9.9523       214.0000     
9.9533       206.0000     
9.9543       212.0000     
9.9553       209.2500     
9.9563       217.7500     
9.9573       218.0000     
9.9583       210.5000     
9.9593       217.5000     
9.9603       220.0000     
9.9613       216.2500     
9.9623       205.5000     
9.9633       213.7500     
9.9643       197.7500     
9.9653       198.2500     
9.9663       210.5000     
9.9673       212.2500     
9.9683       208.0000     
9.9693       204.2500     
9.9703       204.5000     
9.9713       218.5000     
9.9723       196.2500     
9.9733       213.2500     
9.9743       196.2500     
9.9753       206.0000     
9.9763       204.2500     
9.9773       196.7500     
9.9783       212.2500     
9.9793       207.0000     
9.9803       202.5000     
9.9813       202.5000     
9.9823       187.5000     
9.9833       207.0000     
9.9843       197.5000     
9.9853       208.5000     
9.9863       209.5000     
9.9873       215.7500     
9.9883       207.5000     
9.9893       196.7500     
9.9903       197.5000     
9.9913       202.2500     
9.9923       182.2500     
9.9933       192.2500     
9.9943       192.0000     
9.9953       207.5000     
9.9963       203.5000     
9.9973       199.2500     
9.9983       202.0000     
9.9993       196.2500     
10.0003      191.0000     
10.0013      191.7500     
10.0023      214.5000     
10.0033      195.0000     
10.0043      183.2500     
10.0053      207.7500     
10.0063      198.2500     
10.0073      188.5000     
10.0083      196.7500     
10.0093      196.7500     
10.0103      188.2500     
10.0113      187.0000     
10.0123      186.5000     
10.0133      189.0000     
10.0143      190.0000     
10.0153      181.7500     
10.0163      190.0000     
10.0173      180.0000     
10.0183      190.0000     
10.0193      185.5000     
10.0203      190.2500     
10.0213      184.5000     
10.0223      185.5000     
10.0233      181.5000     
10.0243      206.5000     
10.0253      200.0000     
10.0263      185.0000     
10.0273      198.7500     
10.0283      187.5000     
10.0293      185.5000     
10.0303      173.0000     
10.0313      199.2500     
10.0323      197.2500     
10.0333      190.2500     
10.0343      181.2500     
10.0353      192.7500     
10.0363      188.5000     
10.0373      182.7500     
10.0383      175.7500     
10.0393      183.2500     
10.0403      191.2500     
10.0413      179.0000     
10.0423      177.2500     
10.0433      183.0000     
10.0443      189.0000     
10.0453      176.7500     
10.0463      181.0000     
10.0473      188.7500     
10.0483      187.2500     
10.0493      179.5000     
10.0503      180.0000     
10.0513      177.2500     
10.0523      177.5000     
10.0533      189.0000     
10.0543      179.0000     
10.0553      180.5000     
10.0563      184.2500     
10.0573      184.2500     
10.0583      174.2500     
10.0593      177.5000     
10.0603      181.5000     
10.0613      185.5000     
10.0623      177.2500     
10.0633      171.0000     
10.0643      175.0000     
10.0653      191.5000     
10.0663      170.5000     
10.0673      182.2500     
10.0683      175.2500     
10.0693      183.7500     
10.0703      167.0000     
10.0713      182.2500     
10.0723      176.0000     
10.0733      164.5000     
10.0743      176.5000     
10.0753      183.5000     
10.0763      176.7500     
10.0773      161.7500     
10.0783      179.2500     
10.0793      163.5000     
10.0803      164.5000     
10.0813      169.5000     
10.0823      171.2500     
10.0833      171.2500     
10.0843      164.2500     
10.0853      180.2500     
10.0863      164.0000     
10.0873      170.7500     
10.0883      180.2500     
10.0893      160.2500     
10.0903      169.2500     
10.0913      174.7500     
10.0923      171.5000     
10.0933      169.2500     
10.0943      160.7500     
10.0953      168.2500     
10.0963      177.2500     
10.0973      166.7500     
10.0983      166.7500     
10.0993      161.2500     
10.1003      164.5000     
10.1013      164.2500     
10.1023      172.2500     
10.1033      172.2500     
10.1043      163.2500     
10.1053      166.5000     
10.1063      176.7500     
10.1073      172.2500     
10.1083      160.2500     
10.1093      177.5000     
10.1103      168.7500     
10.1113      163.0000     
10.1123      178.7500     
10.1133      177.0000     
10.1143      181.0000     
10.1153      166.2500     
10.1163      159.5000     
10.1173      169.5000     
10.1183      166.2500     
10.1193      157.5000     
10.1203      173.5000     
10.1213      159.2500     
10.1223      166.5000     
10.1233      155.0000     
10.1243      171.7500     
10.1253      160.7500     
10.1263      163.7500     
10.1273      176.5000     
10.1283      170.0000     
10.1293      165.0000     
10.1303      154.2500     
10.1313      166.7500     
10.1323      166.0000     
10.1333      153.0000     
10.1343      167.5000     
10.1353      168.2500     
10.1363      171.0000     
10.1373      163.5000     
10.1383      164.2500     
10.1393      163.2500     
10.1403      151.7500     
10.1413      160.7500     
10.1423      161.7500     
10.1433      163.0000     
10.1443      169.2500     
10.1453      152.7500     
10.1463      159.5000     
10.1473      165.7500     
10.1483      162.7500     
10.1493      153.5000     
10.1503      159.0000     
10.1513      159.7500     
10.1523      156.7500     
10.1533      166.7500     
10.1543      165.5000     
10.1553      159.2500     
10.1563      151.0000     
10.1573      148.5000     
10.1583      161.0000     
10.1593      160.7500     
10.1603      152.7500     
10.1613      161.5000     
10.1623      159.5000     
10.1633      160.5000     
10.1643      160.5000     
10.1653      157.2500     
10.1663      161.7500     
10.1673      146.5000     
10.1683      158.5000     
10.1693      156.7500     
10.1703      165.0000     
10.1713      162.0000     
10.1723      154.2500     
10.1733      148.7500     
10.1743      162.5000     
10.1753      162.2500     
10.1763      148.7500     
10.1773      167.2500     
10.1783      157.5000     
10.1793      161.7500     
10.1803      162.7500     
10.1813      171.2500     
10.1823      171.5000     
10.1833      154.2500     
10.1843      156.2500     
10.1853      162.0000     
10.1863      156.7500     
10.1873      155.0000     
10.1883      146.5000     
10.1893      153.0000     
10.1903      161.5000     
10.1913      149.5000     
10.1923      157.7500     
10.1933      163.2500     
10.1943      154.0000     
10.1953      146.5000     
10.1963      159.7500     
10.1973      143.2500     
10.1983      163.7500     
10.1993      150.5000     
10.2003      150.5000     
10.2013      146.5000     
10.2023      150.0000     
10.2033      150.0000     
10.2043      150.5000     
10.2053      161.7500     
10.2063      155.2500     
10.2073      136.7500     
10.2083      148.0000     
10.2093      148.0000     
10.2103      154.7500     
10.2113      155.2500     
10.2123      146.0000     
10.2133      150.7500     
10.2143      153.0000     
10.2153      153.2500     
10.2163      149.7500     
10.2173      157.7500     
10.2183      150.5000     
10.2193      149.7500     
10.2203      149.7500     
10.2213      158.0000     
10.2223      140.0000     
10.2233      153.5000     
10.2243      159.2500     
10.2253      138.5000     
10.2263      149.2500     
10.2273      145.5000     
10.2283      147.7500     
10.2293      146.2500     
10.2303      149.5000     
10.2313      154.5000     
10.2323      156.7500     
10.2333      134.0000     
10.2343      138.0000     
10.2353      148.0000     
10.2363      156.2500     
10.2373      135.2500     
10.2383      152.7500     
10.2393      136.5000     
10.2403      141.7500     
10.2413      143.0000     
10.2423      139.7500     
10.2433      139.0000     
10.2443      142.2500     
10.2453      136.7500     
10.2463      132.0000     
10.2473      142.0000     
10.2483      143.5000     
10.2493      137.5000     
10.2503      141.0000     
10.2513      132.5000     
10.2523      147.5000     
10.2533      137.5000     
10.2543      143.0000     
10.2553      141.7500     
10.2563      132.7500     
10.2573      137.7500     
10.2583      136.5000     
10.2593      146.7500     
10.2603      139.7500     
10.2613      146.5000     
10.2623      145.5000     
10.2633      131.5000     
10.2643      127.2500     
10.2653      141.2500     
10.2663      141.7500     
10.2673      125.5000     
10.2683      145.7500     
10.2693      139.0000     
10.2703      153.0000     
10.2713      134.5000     
10.2723      142.5000     
10.2733      131.2500     
10.2743      130.7500     
10.2753      138.7500     
10.2763      152.0000     
10.2773      139.7500     
10.2783      135.0000     
10.2793      147.0000     
10.2803      122.0000     
10.2813      135.7500     
10.2823      136.2500     
10.2833      137.5000     
10.2843      140.7500     
10.2853      127.7500     
10.2863      132.5000     
10.2873      133.5000     
10.2883      135.2500     
10.2893      128.2500     
10.2903      140.2500     
10.2913      134.5000     
10.2923      136.2500     
10.2933      138.7500     
10.2943      132.2500     
10.2953      137.5000     
10.2963      129.0000     
10.2973      145.5000     
10.2983      134.0000     
10.2993      132.7500     
10.3003      136.5000     
10.3013      118.7500     
10.3023      135.2500     
10.3033      124.0000     
10.3043      124.7500     
10.3053      128.2500     
10.3063      117.2500     
10.3073      123.2500     
10.3083      128.0000     
10.3093      129.7500     
10.3103      125.5000     
10.3113      129.2500     
10.3123      125.0000     
10.3133      126.7500     
10.3143      125.2500     
10.3153      128.0000     
10.3163      131.0000     
10.3173      124.2500     
10.3183      127.5000     
10.3193      120.5000     
10.3203      122.2500     
10.3213      122.5000     
10.3223      119.0000     
10.3233      126.0000     
10.3243      124.2500     
10.3253      128.7500     
10.3263      120.5000     
10.3273      113.5000     
10.3283      132.5000     
10.3293      122.2500     
10.3303      119.2500     
10.3313      106.5000     
10.3323      125.5000     
10.3333      112.2500     
10.3343      125.0000     
10.3353      117.2500     
10.3363      116.2500     
10.3373      116.2500     
10.3383      110.5000     
10.3393      112.0000     
10.3403      126.2500     
10.3413      126.2500     
10.3423      117.7500     
10.3433      121.2500     
10.3443      112.7500     
10.3453      119.0000     
10.3463      120.0000     
10.3473      117.0000     
10.3483      115.5000     
10.3493      119.7500     
10.3503      118.0000     
10.3513      116.2500     
10.3523      116.0000     
10.3533      119.5000     
10.3543      112.5000     
10.3553      113.2500     
10.3563      111.2500     
10.3573      109.7500     
10.3583      130.2500     
10.3593      106.5000     
10.3603      107.7500     
10.3613      114.2500     
10.3623      110.7500     
10.3633      116.2500     
10.3643      110.7500     
10.3653      112.0000     
10.3663      114.0000     
10.3673      112.0000     
10.3683      120.2500     
10.3693      113.7500     
10.3703      102.5000     
10.3713      109.2500     
10.3723      107.7500     
10.3733      113.0000     
10.3743      112.2500     
10.3753      109.5000     
10.3763      113.5000     
10.3773      106.5000     
10.3783      112.7500     
10.3793      106.7500     
10.3803      103.7500     
10.3813      106.7500     
10.3823      103.5000     
10.3833      104.5000     
10.3843      104.2500     
10.3853      107.5000     
10.3863      97.7500      
10.3873      98.2500      
10.3883      99.2500      
10.3893      103.0000     
10.3903      114.0000     
10.3913      96.7500      
10.3923      105.7500     
10.3933      103.0000     
10.3943      101.7500     
10.3953      104.5000     
10.3963      111.0000     
10.3973      97.2500      
10.3983      109.0000     
10.3993      94.7500      
10.4003      112.0000     
10.4013      103.5000     
10.4023      98.2500      
10.4033      99.0000      
10.4043      99.2500      
10.4053      97.7500      
10.4063      90.7500      
10.4073      106.0000     
10.4083      98.5000      
10.4093      96.7500      
10.4103      101.2500     
10.4113      101.7500     
10.4123      100.5000     
10.4133      86.0000      
10.4143      97.0000      
10.4153      98.0000      
10.4163      87.5000      
10.4173      101.2500     
10.4183      96.2500      
10.4193      92.0000      
10.4203      96.2500      
10.4213      89.0000      
10.4223      100.2500     
10.4233      100.2500     
10.4243      93.0000      
10.4253      95.7500      
10.4263      93.0000      
10.4273      93.5000      
10.4283      96.0000      
10.4293      90.2500      
10.4303      91.7500      
10.4313      103.2500     
10.4323      104.0000     
10.4333      95.0000      
10.4343      89.2500      
10.4353      95.7500      
10.4363      97.7500      
10.4373      93.0000      
10.4383      87.5000      
10.4393      101.7500     
10.4403      81.0000      
10.4413      88.5000      
10.4423      95.5000      
10.4433      82.7500      
10.4443      97.7500      
10.4453      92.5000      
10.4463      94.0000      
10.4473      93.0000      
10.4483      96.7500      
10.4493      84.0000      
10.4503      83.0000      
10.4513      89.5000      
10.4523      98.2500      
10.4533      87.5000      
10.4543      95.5000      
10.4553      98.0000      
10.4563      88.7500      
10.4573      87.7500      
10.4583      88.2500      
10.4593      78.2500      
10.4603      80.7500      
10.4613      89.5000      
10.4623      91.7500      
10.4633      97.5000      
10.4643      87.2500      
10.4653      93.2500      
10.4663      87.2500      
10.4673      93.2500      
10.4683      87.2500      
10.4693      90.7500      
10.4703      95.5000      
10.4713      87.2500      
10.4723      81.5000      
10.4733      93.7500      
10.4743      85.5000      
10.4753      85.7500      
10.4763      83.0000      
10.4773      86.2500      
10.4783      92.0000      
10.4793      92.2500      
10.4803      81.0000      
10.4813      96.5000      
10.4823      96.0000      
10.4833      85.5000      
10.4843      83.5000      
10.4853      82.7500      
10.4863      83.2500      
10.4873      85.7500      
10.4883      74.0000      
10.4893      85.0000      
10.4903      84.0000      
10.4913      87.5000      
10.4923      83.5000      
10.4933      77.2500      
10.4943      87.0000      
10.4953      89.5000      
10.4963      84.7500      
10.4973      89.0000      
10.4983      89.2500      
10.4993      82.0000      
10.5003      85.2500      
10.5013      82.5000      
10.5023      77.5000      
10.5033      79.5000      
10.5043      83.7500      
10.5053      91.2500      
10.5063      83.5000      
10.5073      82.2500      
10.5083      91.2500      
10.5093      82.2500      
10.5103      86.0000      
10.5113      85.0000      
10.5123      73.0000      
10.5133      92.0000      
10.5143      83.7500      
10.5153      83.5000      
10.5163      84.2500      
10.5173      87.7500      
10.5183      85.0000      
10.5193      89.0000      
10.5203      84.7500      
10.5213      83.2500      
10.5223      85.0000      
10.5233      77.7500      
10.5243      87.5000      
10.5253      83.0000      
10.5263      84.0000      
10.5273      82.2500      
10.5283      76.7500      
10.5293      79.2500      
10.5303      83.2500      
10.5313      78.7500      
10.5323      79.5000      
10.5333      88.7500      
10.5343      82.7500      
10.5353      81.2500      
10.5363      84.0000      
10.5373      83.2500      
10.5383      95.0000      
10.5393      80.7500      
10.5403      77.2500      
10.5413      89.7500      
10.5423      86.0000      
10.5433      84.5000      
10.5443      75.7500      
10.5453      82.0000      
10.5463      77.2500      
10.5473      86.5000      
10.5483      79.7500      
10.5493      84.5000      
10.5503      79.7500      
10.5513      84.7500      
10.5523      90.0000      
10.5533      78.0000      
10.5543      78.5000      
10.5553      84.0000      
10.5563      78.7500      
10.5573      87.5000      
10.5583      87.5000      
10.5593      84.2500      
10.5603      78.2500      
10.5613      77.0000      
10.5623      75.2500      
10.5633      84.2500      
10.5643      84.2500      
10.5653      82.7500      
10.5663      79.5000      
10.5673      84.0000      
10.5683      77.7500      
10.5693      83.7500      
10.5703      84.2500      
10.5713      87.0000      
10.5723      78.2500      
10.5733      74.7500      
10.5743      74.0000      
10.5753      75.2500      
10.5763      70.5000      
10.5773      77.2500      
10.5783      84.0000      
10.5793      75.0000      
10.5803      77.2500      
10.5813      84.5000      
10.5823      82.0000      
10.5833      82.0000      
10.5843      86.5000      
10.5853      75.2500      
10.5863      82.0000      
10.5873      68.0000      
10.5883      83.5000      
10.5893      86.7500      
10.5903      83.0000      
10.5913      79.2500      
10.5923      87.5000      
10.5933      77.5000      
10.5943      75.5000      
10.5953      72.7500      
10.5963      76.0000      
10.5973      87.2500      
10.5983      79.5000      
10.5993      77.0000      
10.6003      77.5000      
10.6013      84.7500      
10.6023      77.7500      
10.6033      75.0000      
10.6043      86.2500      
10.6053      77.5000      
10.6063      78.0000      
10.6073      79.0000      
10.6083      72.5000      
10.6093      90.0000      
10.6103      66.2500      
10.6113      83.7500      
10.6123      82.0000      
10.6133      84.5000      
10.6143      75.2500      
10.6153      90.7500      
10.6163      78.2500      
10.6173      77.5000      
10.6183      83.5000      
10.6193      71.5000      
10.6203      76.2500      
10.6213      73.7500      
10.6223      77.0000      
10.6233      81.7500      
10.6243      73.0000      
10.6253      73.0000      
10.6263      74.0000      
10.6273      74.7500      
10.6283      80.2500      
10.6293      79.2500      
10.6303      75.5000      
10.6313      79.7500      
10.6323      76.7500      
10.6333      74.2500      
10.6343      75.0000      
10.6353      70.5000      
10.6363      73.0000      
10.6373      83.5000      
10.6383      82.2500      
10.6393      76.0000      
10.6403      72.2500      
10.6413      75.7500      
10.6423      70.7500      
10.6433      81.7500      
10.6443      74.5000      
10.6453      71.7500      
10.6463      72.0000      
10.6473      76.0000      
10.6483      77.2500      
10.6493      75.2500      
10.6503      77.2500      
10.6513      79.7500      
10.6523      72.0000      
10.6533      75.7500      
10.6543      76.0000      
10.6553      67.5000      
10.6563      74.5000      
10.6573      76.2500      
10.6583      76.2500      
10.6593      75.7500      
10.6603      79.2500      
10.6613      69.2500      
10.6623      75.2500      
10.6633      74.5000      
10.6643      79.5000      
10.6653      72.5000      
10.6663      70.7500      
10.6673      77.5000      
10.6683      73.2500      
10.6693      74.7500      
10.6703      79.5000      
10.6713      73.7500      
10.6723      74.2500      
10.6733      68.2500      
10.6743      66.0000      
10.6753      70.7500      
10.6763      75.5000      
10.6773      75.2500      
10.6783      75.0000      
10.6793      67.5000      
10.6803      71.5000      
10.6813      71.0000      
10.6823      68.5000      
10.6833      70.0000      
10.6843      68.5000      
10.6853      78.7500      
10.6863      73.7500      
10.6873      75.0000      
10.6883      65.7500      
10.6893      75.7500      
10.6903      72.5000      
10.6913      73.2500      
10.6923      69.7500      
10.6933      74.0000      
10.6943      71.5000      
10.6953      68.0000      
10.6963      70.7500      
10.6973      73.2500      
10.6983      72.0000      
10.6993      69.2500      
10.7003      62.0000      
10.7013      71.0000      
10.7023      77.0000      
10.7033      75.7500      
10.7043      68.7500      
10.7053      66.2500      
10.7063      74.2500      
10.7073      73.2500      
10.7083      71.7500      
10.7093      70.7500      
10.7103      75.2500      
10.7113      71.2500      
10.7123      72.7500      
10.7133      69.2500      
10.7143      72.5000      
10.7153      70.0000      
10.7163      70.5000      
10.7173      68.2500      
10.7183      69.0000      
10.7193      76.2500      
10.7203      74.5000      
10.7213      70.7500      
10.7223      68.0000      
10.7233      76.5000      
10.7243      74.7500      
10.7253      79.2500      
10.7263      66.2500      
10.7273      69.2500      
10.7283      72.5000      
10.7293      66.7500      
10.7303      67.7500      
10.7313      78.7500      
10.7323      84.0000      
10.7333      69.2500      
10.7343      72.2500      
10.7353      68.0000      
10.7363      65.2500      
10.7373      68.7500      
10.7383      66.0000      
10.7393      68.2500      
10.7403      71.7500      
10.7413      75.0000      
10.7423      63.5000      
10.7433      60.2500      
10.7443      64.5000      
10.7453      68.7500      
10.7463      67.0000      
10.7473      65.7500      
10.7483      73.5000      
10.7493      70.2500      
10.7503      62.2500      
10.7513      69.5000      
10.7523      66.2500      
10.7533      67.7500      
10.7543      64.0000      
10.7553      69.7500      
10.7563      66.2500      
10.7573      68.0000      
10.7583      67.7500      
10.7593      57.0000      
10.7603      58.7500      
10.7613      68.2500      
10.7623      68.7500      
10.7633      68.0000      
10.7643      70.0000      
10.7653      64.7500      
10.7663      61.7500      
10.7673      65.7500      
10.7683      60.0000      
10.7693      70.7500      
10.7703      61.7500      
10.7713      65.2500      
10.7723      67.2500      
10.7733      63.0000      
10.7743      63.5000      
10.7753      60.7500      
10.7763      70.5000      
10.7773      60.7500      
10.7783      59.0000      
10.7793      65.5000      
10.7803      54.5000      
10.7813      62.0000      
10.7823      62.2500      
10.7833      66.5000      
10.7843      59.0000      
10.7853      57.7500      
10.7863      60.0000      
10.7873      62.5000      
10.7883      54.0000      
10.7893      65.0000      
10.7903      62.5000      
10.7913      59.2500      
10.7923      58.5000      
10.7933      56.2500      
10.7943      58.0000      
10.7953      60.0000      
10.7963      62.5000      
10.7973      60.0000      
10.7983      63.5000      
10.7993      59.5000      
10.8003      61.5000      
10.8013      60.2500      
10.8023      55.2500      
10.8033      55.2500      
10.8043      56.5000      
10.8053      57.2500      
10.8063      58.5000      
10.8073      60.5000      
10.8083      54.7500      
10.8093      54.0000      
10.8103      59.0000      
10.8113      57.0000      
10.8123      56.0000      
10.8133      58.5000      
10.8143      62.2500      
10.8153      57.0000      
10.8163      51.5000      
10.8173      58.0000      
10.8183      56.7500      
10.8193      53.2500      
10.8203      55.2500      
10.8213      52.7500      
10.8223      55.2500      
10.8233      55.7500      
10.8243      53.5000      
10.8253      59.5000      
10.8263      52.0000      
10.8273      57.5000      
10.8283      52.2500      
10.8293      57.2500      
10.8303      57.7500      
10.8313      51.7500      
10.8323      53.7500      
10.8333      43.2500      
10.8343      52.2500      
10.8353      50.7500      
10.8363      52.2500      
10.8373      56.2500      
10.8383      58.2500      
10.8393      56.0000      
10.8403      52.5000      
10.8413      52.5000      
10.8423      54.0000      
10.8433      46.7500      
10.8443      56.2500      
10.8453      57.7500      
10.8463      51.5000      
10.8473      51.0000      
10.8483      57.7500      
10.8493      54.5000      
10.8503      56.5000      
10.8513      53.0000      
10.8523      49.7500      
10.8533      54.0000      
10.8543      52.2500      
10.8553      51.5000      
10.8563      54.2500      
10.8573      44.7500      
10.8583      55.2500      
10.8593      48.7500      
10.8603      51.0000      
10.8613      52.2500      
10.8623      50.0000      
10.8633      45.5000      
10.8643      52.0000      
10.8653      43.7500      
10.8663      42.2500      
10.8673      48.0000      
10.8683      48.2500      
10.8693      43.0000      
10.8703      43.7500      
10.8713      47.2500      
10.8723      48.0000      
10.8733      42.0000      
10.8743      44.5000      
10.8753      47.0000      
10.8763      49.7500      
10.8773      40.7500      
10.8783      46.7500      
10.8793      48.0000      
10.8803      45.5000      
10.8813      47.7500      
10.8823      39.7500      
10.8833      50.2500      
10.8843      44.5000      
10.8853      46.0000      
10.8863      49.7500      
10.8873      40.2500      
10.8883      43.5000      
10.8893      46.0000      
10.8903      46.0000      
10.8913      42.2500      
10.8923      47.0000      
10.8933      46.2500      
10.8943      38.7500      
10.8953      41.2500      
10.8963      41.0000      
10.8973      45.5000      
10.8983      44.2500      
10.8993      40.5000      
10.9003      44.0000      
10.9013      43.7500      
10.9023      41.2500      
10.9033      43.2500      
10.9043      42.5000      
10.9053      40.0000      
10.9063      42.0000      
10.9073      37.0000      
10.9083      42.2500      
10.9093      45.2500      
10.9103      41.2500      
10.9113      37.2500      
10.9123      42.0000      
10.9133      43.0000      
10.9143      42.5000      
10.9153      34.7500      
10.9163      45.7500      
10.9173      39.2500      
10.9183      31.7500      
10.9193      40.7500      
10.9203      39.5000      
10.9213      40.0000      
10.9223      37.0000      
10.9233      39.0000      
10.9243      37.0000      
10.9253      41.2500      
10.9263      43.0000      
10.9273      38.7500      
10.9283      40.2500      
10.9293      37.2500      
10.9303      38.2500      
10.9313      41.2500      
10.9323      38.2500      
10.9333      41.5000      
10.9343      41.0000      
10.9353      37.0000      
10.9363      41.0000      
10.9373      41.7500      
10.9383      37.2500      
10.9393      41.2500      
10.9403      43.2500      
10.9413      32.7500      
10.9423      37.2500      
10.9433      36.7500      
10.9443      39.5000      
10.9453      36.0000      
10.9463      36.5000      
10.9473      41.5000      
10.9483      37.2500      
10.9493      38.5000      
10.9503      32.7500      
10.9513      34.7500      
10.9523      35.7500      
10.9533      38.0000      
10.9543      42.2500      
10.9553      36.5000      
10.9563      38.5000      
10.9573      38.7500      
10.9583      34.7500      
10.9593      36.7500      
10.9603      31.0000      
10.9613      33.5000      
10.9623      36.2500      
10.9633      36.7500      
10.9643      38.2500      
10.9653      31.5000      
10.9663      39.7500      
10.9673      33.2500      
10.9683      33.7500      
10.9693      37.5000      
10.9703      40.7500      
10.9713      30.7500      
10.9723      39.0000      
10.9733      32.5000      
10.9743      33.0000      
10.9753      32.5000      
10.9763      28.5000      
10.9773      37.2500      
10.9783      40.0000      
10.9793      39.5000      
10.9803      35.7500      
10.9813      36.2500      
10.9823      34.0000      
10.9833      32.5000      
10.9843      33.5000      
10.9853      30.0000      
10.9863      38.7500      
10.9873      35.0000      
10.9883      40.5000      
10.9893      37.7500      
10.9903      33.7500      
10.9913      36.2500      
10.9923      33.5000      
10.9933      32.2500      
10.9943      35.2500      
10.9953      30.2500      
10.9963      36.0000      
10.9973      35.5000      
10.9983      31.0000      
10.9993      33.5000      
11.0003      39.7500      
11.0013      33.2500      
11.0023      34.5000      
11.0033      36.5000      
11.0043      33.0000      
11.0053      34.2500      
11.0063      29.2500      
11.0073      33.2500      
11.0083      30.5000      
11.0093      35.0000      
11.0103      35.5000      
11.0113      37.5000      
11.0123      36.2500      
11.0133      32.2500      
11.0143      35.0000      
11.0153      32.7500      
11.0163      32.0000      
11.0173      32.5000      
11.0183      34.2500      
11.0193      36.2500      
11.0203      29.0000      
11.0213      36.0000      
11.0223      32.2500      
11.0233      27.7500      
11.0243      35.2500      
11.0253      34.2500      
11.0263      31.7500      
11.0273      34.0000      
11.0283      30.0000      
11.0293      36.0000      
11.0303      31.2500      
11.0313      33.5000      
11.0323      31.7500      
11.0333      33.7500      
11.0343      34.2500      
11.0353      34.2500      
11.0363      31.0000      
11.0373      33.7500      
11.0383      27.2500      
11.0393      33.2500      
11.0403      31.5000      
11.0413      32.0000      
11.0423      28.2500      
11.0433      35.0000      
11.0443      28.5000      
11.0453      33.0000      
11.0463      32.5000      
11.0473      34.0000      
11.0483      27.7500      
11.0493      33.5000      
11.0503      34.7500      
11.0513      36.5000      
11.0523      37.7500      
11.0533      26.7500      
11.0543      31.0000      
11.0553      32.2500      
11.0563      31.0000      
11.0573      32.2500      
11.0583      32.0000      
11.0593      35.5000      
11.0603      31.5000      
11.0613      33.7500      
11.0623      30.0000      
11.0633      34.5000      
11.0643      36.0000      
11.0653      27.0000      
11.0663      32.7500      
11.0673      30.5000      
11.0683      32.2500      
11.0693      36.5000      
11.0703      30.2500      
11.0713      31.0000      
11.0723      33.7500      
11.0733      33.7500      
11.0743      32.5000      
11.0753      30.5000      
11.0763      27.7500      
11.0773      29.2500      
11.0783      34.2500      
11.0793      30.7500      
11.0803      30.2500      
11.0813      31.7500      
11.0823      31.0000      
11.0833      37.7500      
11.0843      40.0000      
11.0853      29.5000      
11.0863      29.2500      
11.0873      34.5000      
11.0883      31.2500      
11.0893      27.7500      
11.0903      31.2500      
11.0913      33.5000      
11.0923      34.7500      
11.0933      35.0000      
11.0943      27.5000      
11.0953      33.2500      
11.0963      30.5000      
11.0973      30.0000      
11.0983      28.0000      
11.0993      30.0000      
11.1003      34.7500      
11.1013      33.2500      
11.1023      33.2500      
11.1033      26.2500      
11.1043      29.0000      
11.1053      31.2500      
11.1063      28.5000      
11.1073      30.0000      
11.1083      34.5000      
11.1093      34.0000      
11.1103      35.7500      
11.1113      29.7500      
11.1123      33.5000      
11.1133      35.2500      
11.1143      31.7500      
11.1153      28.5000      
11.1163      39.5000      
11.1173      34.7500      
11.1183      30.7500      
11.1193      30.5000      
11.1203      24.2500      
11.1213      31.0000      
11.1223      35.0000      
11.1233      31.5000      
11.1243      31.7500      
11.1253      35.5000      
11.1263      28.5000      
11.1273      32.2500      
11.1283      29.5000      
11.1293      28.2500      
11.1303      31.7500      
11.1313      27.2500      
11.1323      29.0000      
11.1333      32.2500      
11.1343      34.2500      
11.1353      31.2500      
11.1363      31.0000      
11.1373      22.2500      
11.1383      28.2500      
11.1393      27.7500      
11.1403      32.0000      
11.1413      30.0000      
11.1423      28.5000      
11.1433      34.0000      
11.1443      31.5000      
11.1453      34.0000      
11.1463      34.0000      
11.1473      29.7500      
11.1483      27.0000      
11.1493      29.2500      
11.1503      30.2500      
11.1513      27.7500      
11.1523      31.2500      
11.1533      28.2500      
11.1543      32.5000      
11.1553      30.2500      
11.1563      31.0000      
11.1573      28.7500      
11.1583      27.7500      
11.1593      26.0000      
11.1603      29.5000      
11.1613      28.5000      
11.1623      30.0000      
11.1633      23.5000      
11.1643      31.7500      
11.1653      26.7500      
11.1663      32.0000      
11.1673      29.7500      
11.1683      29.5000      
11.1693      31.7500      
11.1703      29.7500      
11.1713      33.5000      
11.1723      25.5000      
11.1733      22.2500      
11.1743      27.7500      
11.1753      26.0000      
11.1763      29.0000      
11.1773      24.5000      
11.1783      30.0000      
11.1793      31.0000      
11.1803      34.0000      
11.1813      27.5000      
11.1823      28.5000      
11.1833      27.2500      
11.1843      23.7500      
11.1853      35.5000      
11.1863      28.7500      
11.1873      28.7500      
11.1883      27.5000      
11.1893      29.0000      
11.1903      28.7500      
11.1913      23.5000      
11.1923      28.0000      
11.1933      33.2500      
11.1943      27.0000      
11.1953      26.2500      
11.1963      30.2500      
11.1973      28.2500      
11.1983      26.0000      
11.1993      26.0000      
11.2003      29.5000      
11.2013      26.7500      
11.2023      28.7500      
11.2033      28.5000      
11.2043      31.2500      
11.2053      28.0000      
11.2063      30.7500      
11.2073      30.2500      
11.2083      22.2500      
11.2093      30.2500      
11.2103      27.7500      
11.2113      28.5000      
11.2123      24.5000      
11.2133      28.7500      
11.2143      25.0000      
11.2153      27.2500      
11.2163      26.7500      
11.2173      25.5000      
11.2183      25.5000      
11.2193      22.2500      
11.2203      27.7500      
11.2213      27.7500      
11.2223      22.7500      
11.2233      27.5000      
11.2243      26.7500      
11.2253      35.5000      
11.2263      26.0000      
11.2273      23.2500      
11.2283      26.7500      
11.2293      26.0000      
11.2303      25.5000      
11.2313      27.0000      
11.2323      27.5000      
11.2333      24.0000      
11.2343      22.0000      
11.2353      22.5000      
11.2363      26.5000      
11.2373      23.2500      
11.2383      22.0000      
11.2393      22.2500      
11.2403      21.2500      
11.2413      26.5000      
11.2423      24.5000      
11.2433      25.2500      
11.2443      22.0000      
11.2453      24.0000      
11.2463      24.2500      
11.2473      27.0000      
11.2483      26.0000      
11.2493      24.7500      
11.2503      25.2500      
11.2513      22.7500      
11.2523      23.7500      
11.2533      25.0000      
11.2543      23.2500      
11.2553      24.2500      
11.2563      25.7500      
11.2573      22.7500      
11.2583      28.5000      
11.2593      24.2500      
11.2603      23.5000      
11.2613      21.2500      
11.2623      22.5000      
11.2633      20.7500      
11.2643      22.7500      
11.2653      26.0000      
11.2663      24.2500      
11.2673      19.0000      
11.2683      17.0000      
11.2693      25.0000      
11.2703      22.7500      
11.2713      23.5000      
11.2723      18.5000      
11.2733      17.0000      
11.2743      20.0000      
11.2753      20.0000      
11.2763      23.7500      
11.2773      22.0000      
11.2783      18.0000      
11.2793      18.2500      
11.2803      15.7500      
11.2813      24.5000      
11.2823      19.2500      
11.2833      21.2500      
11.2843      13.2500      
11.2853      18.0000      
11.2863      19.0000      
11.2873      20.7500      
11.2883      25.0000      
11.2893      21.2500      
11.2903      22.0000      
11.2913      22.5000      
11.2923      20.0000      
11.2933      19.5000      
11.2943      16.0000      
11.2953      21.7500      
11.2963      19.0000      
11.2973      19.5000      
11.2983      20.0000      
11.2993      17.7500      
11.3003      13.2500      
11.3013      18.5000      
11.3023      17.2500      
11.3033      17.7500      
11.3043      17.0000      
11.3053      16.2500      
11.3063      16.5000      
11.3073      15.0000      
11.3083      14.5000      
11.3093      10.5000      
11.3103      18.2500      
11.3113      20.0000      
11.3123      17.7500      
11.3133      16.7500      
11.3143      16.0000      
11.3153      15.7500      
11.3163      18.2500      
11.3173      15.5000      
11.3183      14.2500      
11.3193      15.0000      
11.3203      13.5000      
11.3213      13.7500      
11.3223      14.0000      
11.3233      14.5000      
11.3243      14.0000      
11.3253      15.2500      
11.3263      13.5000      
11.3273      16.7500      
11.3283      14.0000      
11.3293      16.0000      
11.3303      15.0000      
11.3313      16.5000      
11.3323      13.2500      
11.3333      12.5000      
11.3343      15.5000      
11.3353      14.5000      
11.3363      13.0000      
11.3373      11.2500      
11.3383      9.2500       
11.3393      10.0000      
11.3403      9.5000       
11.3413      15.0000      
11.3423      14.2500      
11.3433      8.0000       
11.3443      13.7500      
11.3453      11.7500      
11.3463      14.0000      
11.3473      11.0000      
11.3483      11.5000      
11.3493      10.5000      
11.3503      12.5000      
11.3513      13.7500      
11.3523      13.2500      
11.3533      13.7500      
11.3543      10.2500      
11.3553      12.5000      
11.3563      8.7500       
11.3573      12.0000      
11.3583      10.5000      
11.3593      9.2500       
11.3603      9.0000       
11.3613      8.2500       
11.3623      9.5000       
11.3633      10.7500      
11.3643      10.0000      
11.3653      9.7500       
11.3663      9.7500       
11.3673      7.0000       
11.3683      8.7500       
11.3693      10.2500      
11.3703      8.5000       
11.3713      9.7500       
11.3723      8.7500       
11.3733      7.7500       
11.3743      6.2500       
11.3753      6.5000       
11.3763      8.0000       
11.3773      6.2500       
11.3783      7.5000       
11.3793      7.5000       
11.3803      8.2500       
11.3813      6.5000       
11.3823      6.7500       
11.3833      8.7500       
11.3843      4.7500       
11.3853      6.5000       
11.3863      7.2500       
11.3873      5.7500       
11.3883      8.0000       
11.3893      6.7500       
11.3903      8.7500       
11.3913      4.7500       
11.3923      8.0000       
11.3933      4.2500       
11.3943      7.0000       
11.3953      7.0000       
11.3963      6.7500       
11.3973      4.7500       
11.3983      4.2500       
11.3993      5.7500       
11.4003      6.0000       
11.4013      3.5000       
11.4023      4.0000       
11.4033      3.7500       
11.4043      4.2500       
11.4053      5.2500       
11.4063      3.2500       
11.4073      7.0000       
11.4083      5.0000       
11.4093      4.7500       
11.4103      4.2500       
11.4113      5.5000       
11.4123      4.5000       
11.4133      5.5000       
11.4143      3.5000       
11.4153      3.7500       
11.4163      4.5000       
11.4173      3.5000       
11.4183      4.2500       
11.4193      7.0000       
11.4203      4.7500       
11.4213      3.5000       
11.4223      2.5000       
11.4233      4.0000       
11.4243      4.2500       
11.4253      4.5000       
11.4263      4.5000       
11.4273      4.5000       
11.4283      3.5000       
11.4293      3.2500       
11.4303      5.5000       
11.4313      2.7500       
11.4323      2.2500       
11.4333      1.5000       
11.4343      4.5000       
11.4353      3.5000       
11.4363      4.2500       
11.4373      3.7500       
11.4383      2.0000       
11.4393      3.0000       
11.4403      3.2500       
11.4413      3.5000       
11.4423      2.5000       
11.4433      3.2500       
11.4443      2.7500       
11.4453      4.2500       
11.4463      2.7500       
11.4473      3.0000       
11.4483      3.2500       
11.4493      3.0000       
11.4503      2.5000       
11.4513      1.5000       
11.4523      1.7500       
11.4533      2.2500       
11.4543      1.7500       
11.4553      2.2500       
11.4563      2.0000       
11.4573      2.7500       
11.4583      2.0000       
11.4593      1.5000       
11.4603      1.0000       
11.4613      0.7500       
11.4623      1.7500       
11.4633      1.0000       
11.4643      1.7500       
11.4653      1.2500       
11.4663      1.7500       
11.4673      1.0000       
11.4683      1.2500       
11.4693      1.2500       
11.4703      1.2500       
11.4713      1.0000       
11.4723      2.0000       
11.4733      1.7500       
11.4743      1.2500       
11.4753      1.0000       
11.4763      0.5000       
11.4773      0.5000       
11.4783      0.5000       
11.4793      1.5000       
11.4803      1.5000       
11.4813      1.5000       
11.4823      2.0000       
11.4833      1.0000       
11.4843      1.0000       
11.4853      0.7500       
11.4863      2.0000       
11.4873      0.7500       
11.4883      0.5000       
11.4893      1.0000       
11.4903      1.0000       
11.4913      0.5000       
11.4923      1.2500       
11.4933      1.5000       
11.4943      1.0000       
11.4953      0.7500       
11.4963      0.7500       
11.4973      0.5000       
11.4983      1.5000       
11.4993      0.0000       
11.5003      0.2500       
11.5013      0.7500       
11.5023      1.0000       
11.5033      0.2500       
11.5043      0.7500       
11.5053      0.7500       
11.5063      0.0000       
11.5073      0.0000       
11.5083      0.5000       
11.5093      0.2500       
11.5103      0.2500       
11.5113      0.0000       
11.5123      0.5000       
11.5133      0.2500       
11.5143      0.5000       
11.5153      0.0000       
11.5163      0.0000       
11.5173      0.0000       
11.5183      0.5000       
11.5193      0.0000       
11.5203      0.5000       
11.5213      0.7500       
11.5223      0.5000       
11.5233      0.5000       
11.5243      0.0000       
11.5253      0.0000       
11.5263      0.5000       
11.5273      0.7500       
11.5283      0.2500       
11.5293      1.5000       
11.5303      0.5000       
11.5313      0.2500       
11.5323      0.7500       
11.5333      0.5000       
11.5343      0.0000       
11.5353      0.0000       
11.5363      0.2500       
11.5373      0.2500       
11.5383      0.0000       
11.5393      0.0000       
11.5403      0.5000       
11.5413      0.0000       
11.5423      0.0000       
11.5433      0.0000       
11.5443      0.0000       
11.5453      0.2500       
11.5463      0.0000       
11.5473      0.5000       
11.5483      0.0000       
11.5493      0.0000       
11.5503      0.2500       
11.5513      0.0000       
11.5523      0.2500       
11.5533      0.0000       
11.5543      0.0000       
11.5553      0.0000       
11.5563      0.0000       
11.5573      0.0000       
11.5583      0.0000       
11.5593      0.0000       
11.5603      0.0000       
11.5613      0.2500       
11.5623      0.2500       
11.5633      0.0000       
11.5643      0.0000       
11.5653      0.0000       
11.5663      0.0000       
11.5673      0.0000       
11.5683      0.0000       
11.5693      0.2500       
11.5703      0.0000       
11.5713      0.0000       
11.5723      0.0000       
11.5733      0.0000       
11.5743      0.0000       
11.5753      0.2500       
11.5763      0.0000       
11.5773      0.0000       
11.5783      0.0000       
11.5793      0.0000       
11.5803      0.2500       
11.5813      0.0000       
11.5823      0.0000       
11.5833      0.0000       
11.5843      0.0000       
11.5853      0.0000       
11.5863      0.0000       
11.5873      0.2500       
11.5883      0.0000       
11.5893      0.0000       
11.5903      0.0000       
11.5913      0.0000       
11.5923      0.0000       
11.5933      0.0000       
11.5943      0.0000       
11.5953      0.0000       
11.5963      0.0000       
11.5973      0.0000       
11.5983      0.0000       
11.5993      0.0000       
11.6003      0.0000       
11.6013      0.0000       
11.6023      0.0000       
11.6033      0.0000       
11.6043      0.0000       
11.6053      0.0000       
11.6063      0.0000       
11.6073      0.0000       
11.6083      0.0000       
11.6093      0.2500       
11.6103      0.0000       
11.6113      0.0000       
11.6123      0.0000       
11.6133      0.0000       
11.6143      0.0000       
11.6153      0.0000       
11.6163      0.0000       
11.6173      0.0000       
11.6183      0.0000       
11.6193      0.0000       
11.6203      0.0000       
11.6213      0.0000       
11.6223      0.0000       
11.6233      0.0000       
11.6243      0.0000       
11.6253      0.0000       
11.6263      0.0000       
11.6273      0.0000       
11.6283      0.0000       
11.6293      0.0000       
11.6303      0.0000       
11.6313      0.0000       
11.6323      0.0000       
11.6333      0.0000       
11.6343      0.0000       
11.6353      0.0000       
11.6363      0.0000       
11.6373      0.0000       
11.6383      0.0000       
11.6393      0.0000       
11.6403      0.2500       
11.6413      0.0000       
11.6423      0.0000       
11.6433      0.0000       
11.6443      0.0000       
11.6453      0.0000       
11.6463      0.0000       
11.6473      0.0000       
11.6483      0.0000       
11.6493      0.0000       
11.6503      0.0000       
11.6513      0.0000       
11.6523      0.0000       
11.6533      0.0000       
11.6543      0.0000       
11.6553      0.0000       
11.6563      0.0000       
11.6573      0.0000       
11.6583      0.0000       
11.6593      0.0000       
11.6603      0.0000       
11.6613      0.0000       
11.6623      0.0000       
11.6633      0.0000       
11.6643      0.0000       
11.6653      0.0000       
11.6663      0.0000       
11.6673      0.0000       
11.6683      0.0000       
11.6693      0.0000       
11.6703      0.0000       
11.6713      0.0000       
11.6723      0.0000       
11.6733      0.0000       
11.6743      0.0000       
11.6753      0.0000       
11.6763      0.0000       
11.6773      0.0000       
11.6783      0.0000       
11.6793      0.0000       
11.6803      0.0000       
11.6813      0.0000       
11.6823      0.0000       
11.6833      0.0000       
11.6843      0.2500       
11.6853      0.0000       
11.6863      0.0000       
11.6873      0.0000       
11.6883      0.0000       
11.6893      0.0000       
11.6903      0.0000       
11.6913      0.0000       
11.6923      0.0000       
11.6933      0.0000       
11.6943      0.0000       
11.6953      0.0000       
11.6963      0.0000       
11.6973      0.0000       
11.6983      0.0000       
11.6993      0.0000       
11.7003      0.0000       
11.7013      0.0000       
11.7023      0.0000       
11.7033      0.0000       
11.7043      0.0000       
11.7053      0.0000       
11.7063      0.0000       
11.7073      0.0000       
11.7083      0.0000       
11.7093      0.0000       
11.7103      0.0000       
11.7113      0.0000       
11.7123      0.0000       
11.7133      0.0000       
11.7143      0.0000       
11.7153      0.0000       
11.7163      0.0000       
11.7173      0.0000       
11.7183      0.0000       
11.7193      0.0000       
11.7203      0.0000       
11.7213      0.0000       
11.7223      0.0000       
11.7233      0.0000       
11.7243      0.0000       
11.7253      0.0000       
11.7263      0.0000       
11.7273      0.0000       
11.7283      0.0000       
11.7293      0.0000       
11.7303      0.0000       
11.7313      0.0000       
11.7323      0.0000       
11.7333      0.0000       
11.7343      0.0000       
11.7353      0.0000       
11.7363      0.0000       
11.7373      0.0000       
11.7383      0.0000       
11.7393      0.0000       
11.7403      0.0000       
11.7413      0.0000       
11.7423      0.0000       
11.7433      0.0000       
11.7443      0.0000       
11.7453      0.0000       
11.7463      0.0000       
11.7473      0.0000       
11.7483      0.0000       
11.7493      0.0000       
11.7503      0.0000       
11.7513      0.0000       
11.7523      0.0000       
11.7533      0.0000       
11.7543      0.0000       
11.7553      0.0000       
11.7563      0.0000       
11.7573      0.0000       
11.7583      0.0000       
11.7593      0.0000       
11.7603      0.0000       
11.7613      0.0000       
11.7623      0.0000       
11.7633      0.0000       
11.7643      0.0000       
11.7653      0.0000       
11.7663      0.0000       
11.7673      0.0000       
11.7683      0.0000       
11.7693      0.0000       
11.7703      0.0000       
11.7713      0.0000       
11.7723      0.0000       
11.7733      0.0000       
11.7743      0.0000       
11.7753      0.0000       
11.7763      0.0000       
11.7773      0.0000       
11.7783      0.0000       
11.7793      0.0000       
11.7803      0.0000       
11.7813      0.0000       
11.7823      0.0000       
11.7833      0.0000       
11.7843      0.0000       
11.7853      0.0000       
