0.0000000    1.0000000    1.0000000    
0.0080000    0.9954229    0.9926599    
0.0160000    0.9854699    0.9780850    
0.0240000    0.9735679    0.9674876    
0.0320000    0.9645789    0.9636227    
0.0400000    0.9600924    0.9630716    
0.0480000    0.9595085    0.9630181    
0.0560000    0.9618537    0.9633403    
0.0640000    0.9650278    0.9646558    
0.0720000    0.9672386    0.9661062    
0.0800000    0.9668681    0.9660256    
0.0880000    0.9646789    0.9640269    
0.0960000    0.9608576    0.9612621    
0.1040000    0.9575988    0.9591698    
0.1120000    0.9554116    0.9581292    
0.1200000    0.9556491    0.9576200    
0.1280000    0.9565706    0.9573278    
0.1360000    0.9579454    0.9573658    
0.1440000    0.9583536    0.9573092    
0.1520000    0.9578004    0.9565782    
0.1600000    0.9560119    0.9552713    
0.1680000    0.9531573    0.9539388    
0.1760000    0.9509911    0.9529029    
0.1840000    0.9502824    0.9523223    
0.1920000    0.9505374    0.9521604    
0.2000000    0.9516533    0.9522213    
0.2080000    0.9524816    0.9522914    
0.2160000    0.9527514    0.9522675    
0.2240000    0.9523306    0.9520189    
0.2320000    0.9512124    0.9515201    
0.2400000    0.9497617    0.9508682    
0.2480000    0.9487492    0.9503669    
0.2560000    0.9487746    0.9503254    
0.2640000    0.9490575    0.9505886    
0.2720000    0.9499541    0.9508229    
0.2800000    0.9505387    0.9508627    
0.2880000    0.9510493    0.9508855    
0.2960000    0.9506840    0.9508736    
0.3040000    0.9499960    0.9507560    
0.3120000    0.9492625    0.9505386    
0.3200000    0.9490703    0.9504402    
0.3280000    0.9490986    0.9505436    
0.3360000    0.9497998    0.9507808    
0.3440000    0.9503305    0.9510254    
0.3520000    0.9509492    0.9511603    
0.3600000    0.9511392    0.9511723    
0.3680000    0.9510372    0.9511274    
0.3760000    0.9509923    0.9511585    
0.3840000    0.9504649    0.9512531    
0.3920000    0.9505031    0.9513602    
0.4000000    0.9512273    0.9515018    
0.4080000    0.9515983    0.9517681    
0.4160000    0.9521786    0.9520377    
0.4240000    0.9526709    0.9522284    
0.4320000    0.9527302    0.9524327    
0.4400000    0.9529381    0.9527053    
0.4480000    0.9528190    0.9528751    
0.4560000    0.9528232    0.9529451    
0.4640000    0.9530652    0.9530596    
0.4720000    0.9532842    0.9532980    
0.4800000    0.9536342    0.9536215    
0.4880000    0.9540119    0.9540277    
0.4960000    0.9542345    0.9543705    
0.5040000    0.9544944    0.9545810    
0.5120000    0.9543840    0.9546887    
0.5200000    0.9544639    0.9547185    
0.5280000    0.9543305    0.9547760    
0.5360000    0.9547756    0.9548875    
0.5440000    0.9548395    0.9549737    
0.5520000    0.9550210    0.9550048    
0.5600000    0.9550828    0.9551077    
0.5680000    0.9553053    0.9551864    
0.5760000    0.9551719    0.9552858    
0.5840000    0.9552412    0.9554562    
0.5920000    0.9552010    0.9555427    
0.6000000    0.9549933    0.9553074    
0.6080000    0.9549976    0.9549992    
0.6160000    0.9549342    0.9548449    
0.6240000    0.9548802    0.9547900    
0.6320000    0.9547130    0.9548024    
0.6400000    0.9548117    0.9548079    
0.6480000    0.9547244    0.9547895    
0.6560000    0.9545123    0.9547292    
0.6640000    0.9546242    0.9546074    
0.6720000    0.9540852    0.9544551    
0.6800000    0.9542989    0.9542447    
0.6880000    0.9541789    0.9538641    
0.6960000    0.9539767    0.9535300    
0.7040000    0.9539453    0.9534365    
0.7120000    0.9537553    0.9534307    
0.7200000    0.9536093    0.9533318    
0.7280000    0.9534095    0.9532769    
0.7360000    0.9531502    0.9532548    
0.7440000    0.9530471    0.9530959    
0.7520000    0.9529505    0.9528254    
0.7600000    0.9527154    0.9526198    
0.7680000    0.9525634    0.9524577    
0.7760000    0.9523384    0.9523227    
0.7840000    0.9522939    0.9522516    
0.7920000    0.9521612    0.9522751    
0.8000000    0.9522340    0.9523114    
0.8080000    0.9519663    0.9523000    
0.8160000    0.9519669    0.9523136    
0.8240000    0.9519564    0.9523044    
0.8320000    0.9519084    0.9522639    
0.8400000    0.9517817    0.9522386    
0.8480000    0.9518487    0.9523246    
0.8560000    0.9517024    0.9524147    
0.8640000    0.9516919    0.9524520    
0.8720000    0.9517866    0.9523993    
0.8800000    0.9518388    0.9523837    
0.8880000    0.9519177    0.9524547    
0.8960000    0.9519591    0.9526047    
0.9040000    0.9519054    0.9528158    
0.9120000    0.9519079    0.9529694    
0.9200000    0.9520820    0.9530129    
0.9280000    0.9520762    0.9529928    
0.9360000    0.9520926    0.9530038    
0.9440000    0.9524732    0.9531436    
0.9520000    0.9524464    0.9533726    
0.9600000    0.9525026    0.9534413    
0.9680000    0.9525114    0.9534423    
0.9760000    0.9525044    0.9535497    
0.9840000    0.9527273    0.9536838    
0.9920000    0.9529625    0.9537195    
1.0000000    0.9531115    0.9537273    
1.0080000    0.9531767    0.9537478    
1.0160000    0.9532334    0.9538127    
1.0240000    0.9533501    0.9539242    
1.0320000    0.9535793    0.9541286    
1.0400000    0.9535308    0.9543118    
1.0480000    0.9536879    0.9542834    
1.0560000    0.9536288    0.9541151    
1.0640000    0.9538905    0.9540710    
1.0720000    0.9538615    0.9541197    
1.0800000    0.9540317    0.9541773    
1.0880000    0.9539999    0.9542755    
1.0960000    0.9539502    0.9543601    
1.1040000    0.9541873    0.9543571    
1.1120000    0.9542700    0.9542434    
1.1200000    0.9543468    0.9541667    
1.1280000    0.9539015    0.9540841    
1.1360000    0.9542124    0.9539964    
1.1440000    0.9539321    0.9539601    
1.1520000    0.9538840    0.9540174    
1.1600000    0.9538508    0.9540565    
1.1680000    0.9540598    0.9540358    
1.1760000    0.9537400    0.9539983    
1.1840000    0.9538844    0.9539498    
1.1920000    0.9539133    0.9538520    
1.2000000    0.9537892    0.9537762    
1.2080000    0.9538429    0.9537906    
1.2160000    0.9540287    0.9537674    
1.2240000    0.9539609    0.9537244    
1.2320000    0.9537651    0.9537289    
1.2400000    0.9540138    0.9537078    
1.2480000    0.9539139    0.9535666    
1.2560000    0.9536567    0.9533894    
1.2640000    0.9534511    0.9532666    
1.2720000    0.9529997    0.9532963    
1.2800000    0.9532953    0.9534226    
1.2880000    0.9532450    0.9534936    
1.2960000    0.9529253    0.9534240    
1.3040000    0.9532521    0.9532546    
1.3120000    0.9529631    0.9531212    
1.3200000    0.9531774    0.9530866    
1.3280000    0.9534482    0.9530313    
1.3360000    0.9531554    0.9529597    
1.3440000    0.9535444    0.9529461    
1.3520000    0.9532361    0.9530155    
1.3600000    0.9531555    0.9530813    
1.3680000    0.9529801    0.9530325    
1.3760000    0.9527473    0.9529249    
1.3840000    0.9529730    0.9529311    
1.3920000    0.9530007    0.9530609    
1.4000000    0.9529297    0.9530330    
