0.0000000    1.0000000    1.0000000    
0.0080000    0.9841002    0.9913348    
0.0160000    0.9579909    0.9662727    
0.0240000    0.9158749    0.9274849    
0.0320000    0.8675955    0.8790144    
0.0400000    0.8154666    0.8257418    
0.0480000    0.7615813    0.7727738    
0.0560000    0.7168022    0.7248512    
0.0640000    0.6790459    0.6858568    
0.0720000    0.6535199    0.6584734    
0.0800000    0.6448462    0.6440120    
0.0880000    0.6456302    0.6424006    
0.0960000    0.6575653    0.6523088    
0.1040000    0.6806628    0.6713776    
0.1120000    0.7057294    0.6965220    
0.1200000    0.7365157    0.7242800    
0.1280000    0.7643918    0.7511793    
0.1360000    0.7891748    0.7740951    
0.1440000    0.8036925    0.7905653    
0.1520000    0.8059254    0.7990299    
0.1600000    0.8049403    0.7989673    
0.1680000    0.7912003    0.7909059    
0.1760000    0.7766650    0.7763118    
0.1840000    0.7522300    0.7573643    
0.1920000    0.7313987    0.7366541    
0.2000000    0.7065761    0.7168440    
0.2080000    0.6925891    0.7003389    
0.2160000    0.6790276    0.6890050    
0.2240000    0.6756137    0.6839720    
0.2320000    0.6785460    0.6855340    
0.2400000    0.6882785    0.6931581    
0.2480000    0.7021778    0.7055910    
0.2560000    0.7216339    0.7210467    
0.2640000    0.7415113    0.7374509    
0.2720000    0.7579508    0.7527084    
0.2800000    0.7700498    0.7649637    
0.2880000    0.7833385    0.7728211    
0.2960000    0.7818970    0.7754985    
0.3040000    0.7814061    0.7728998    
0.3120000    0.7725234    0.7655959    
0.3200000    0.7598335    0.7547240    
0.3280000    0.7439811    0.7418177    
0.3360000    0.7299293    0.7285959    
0.3440000    0.7156795    0.7167372    
0.3520000    0.7034531    0.7076701    
0.3600000    0.6979878    0.7024050    
0.3680000    0.6971982    0.7014276    
0.3760000    0.6983578    0.7046620    
0.3840000    0.7055543    0.7115078    
0.3920000    0.7138272    0.7209401    
0.4000000    0.7262067    0.7316576    
0.4080000    0.7389981    0.7422597    
0.4160000    0.7508918    0.7514258    
0.4240000    0.7594601    0.7580778    
0.4320000    0.7667365    0.7615035    
0.4400000    0.7659990    0.7614289    
0.4480000    0.7657179    0.7580315    
0.4560000    0.7609228    0.7518967    
0.4640000    0.7491307    0.7439241    
0.4720000    0.7422546    0.7351994    
0.4800000    0.7314826    0.7268482    
0.4880000    0.7185080    0.7198927    
0.4960000    0.7136971    0.7151283    
0.5040000    0.7091697    0.7130355    
0.5120000    0.7084492    0.7137364    
0.5200000    0.7078115    0.7169979    
0.5280000    0.7109376    0.7222798    
0.5360000    0.7206607    0.7288190    
0.5440000    0.7310336    0.7357354    
0.5520000    0.7388435    0.7421488    
0.5600000    0.7465094    0.7472876    
0.5680000    0.7532320    0.7505798    
0.5760000    0.7573322    0.7517145    
0.5840000    0.7566204    0.7506668    
0.5920000    0.7569565    0.7476871    
0.6000000    0.7528494    0.7432551    
0.6080000    0.7471245    0.7380074    
0.6160000    0.7386131    0.7326494    
0.6240000    0.7305158    0.7278621    
0.6320000    0.7256906    0.7242175    
0.6400000    0.7208004    0.7221126    
0.6480000    0.7195341    0.7217295    
0.6560000    0.7148605    0.7230245    
0.6640000    0.7154615    0.7257468    
0.6720000    0.7214911    0.7294819    
0.6800000    0.7242674    0.7337127    
0.6880000    0.7300012    0.7378895    
0.6960000    0.7374018    0.7415000    
0.7040000    0.7439061    0.7441307    
0.7120000    0.7448662    0.7455120    
0.7200000    0.7508387    0.7455433    
0.7280000    0.7507725    0.7442955    
0.7360000    0.7508726    0.7419925    
0.7440000    0.7484395    0.7389747    
0.7520000    0.7462142    0.7356506    
0.7600000    0.7388834    0.7324427    
0.7680000    0.7338124    0.7297353    
0.7760000    0.7287437    0.7278296    
0.7840000    0.7265249    0.7269113    
0.7920000    0.7222549    0.7270344    
0.8000000    0.7224031    0.7281215    
0.8080000    0.7212796    0.7299802    
0.8160000    0.7256308    0.7323332    
0.8240000    0.7264303    0.7348575    
0.8320000    0.7294571    0.7372281    
0.8400000    0.7347237    0.7391595    
0.8480000    0.7391458    0.7404402    
0.8560000    0.7410741    0.7409548    
0.8640000    0.7443485    0.7406927    
0.8720000    0.7451935    0.7397415    
0.8800000    0.7448985    0.7382682    
0.8880000    0.7435998    0.7364916    
0.8960000    0.7415527    0.7346509    
0.9040000    0.7378258    0.7329749    
0.9120000    0.7369843    0.7316555    
0.9200000    0.7329556    0.7308282    
0.9280000    0.7278309    0.7305611    
0.9360000    0.7280568    0.7308513    
0.9440000    0.7266641    0.7316303    
0.9520000    0.7258045    0.7327745    
0.9600000    0.7279310    0.7341229    
0.9680000    0.7304695    0.7354974    
0.9760000    0.7313787    0.7367253    
0.9840000    0.7342457    0.7376612    
0.9920000    0.7361673    0.7382046    
1.0000000    0.7395091    0.7383118    
1.0080000    0.7407981    0.7379984    
1.0160000    0.7410342    0.7373346    
1.0240000    0.7424898    0.7364311    
1.0320000    0.7435671    0.7354210    
1.0400000    0.7408676    0.7344397    
1.0480000    0.7404211    0.7336058    
1.0560000    0.7365550    0.7330077    
1.0640000    0.7331923    0.7326950    
1.0720000    0.7323142    0.7326772    
1.0800000    0.7303087    0.7329271    
1.0880000    0.7305756    0.7333888    
1.0960000    0.7289878    0.7339867    
1.1040000    0.7297781    0.7346364    
1.1120000    0.7291544    0.7352548    
1.1200000    0.7313597    0.7357688    
1.1280000    0.7357538    0.7361236    
1.1360000    0.7341613    0.7362875    
1.1440000    0.7354965    0.7362550    
1.1520000    0.7395895    0.7360459    
1.1600000    0.7396482    0.7357009    
1.1680000    0.7401378    0.7352752    
1.1760000    0.7403812    0.7348289    
1.1840000    0.7394380    0.7344190    
1.1920000    0.7400095    0.7340916    
1.2000000    0.7347651    0.7338777    
1.2080000    0.7363988    0.7337913    
1.2160000    0.7345206    0.7338308    
1.2240000    0.7343439    0.7339812    
1.2320000    0.7309537    0.7342181    
1.2400000    0.7322924    0.7345106    
1.2480000    0.7271123    0.7348243    
1.2560000    0.7329201    0.7351243    
1.2640000    0.7312825    0.7353783    
1.2720000    0.7325235    0.7355601    
1.2800000    0.7337311    0.7356534    
1.2880000    0.7334388    0.7356538    
1.2960000    0.7351293    0.7355703    
1.3040000    0.7370420    0.7354241    
1.3120000    0.7383158    0.7352444    
1.3200000    0.7354983    0.7350630    
1.3280000    0.7402270    0.7349088    
1.3360000    0.7394188    0.7348024    
1.3440000    0.7383420    0.7347532    
1.3520000    0.7369478    0.7347592    
1.3600000    0.7356907    0.7348088    
1.3680000    0.7319381    0.7348842    
1.3760000    0.7340856    0.7349657    
1.3840000    0.7347711    0.7350352    
1.3920000    0.7319853    0.7350790    
1.4000000    0.7330162    0.7350892    
1.4080000    0.7311222    0.7350642    
1.4160000    0.7336251    0.7350081    
1.4240000    0.7350466    0.7349302    
1.4320000    0.7332203    0.7348423    
1.4400000    0.7351255    0.7347579    
1.4480000    0.7356538    0.7346891    
1.4560000    0.7366924    0.7346454    
1.4640000    0.7367145    0.7346314    
1.4720000    0.7352062    0.7346467    
1.4800000    0.7387388    0.7346855    
1.4880000    0.7392449    0.7347385    
1.4960000    0.7344088    0.7347945    
1.5040000    0.7378874    0.7348425    
1.5120000    0.7351330    0.7348743    
1.5200000    0.7358029    0.7348856    
1.5280000    0.7348606    0.7348765    
1.5360000    0.7336361    0.7348512    
1.5440000    0.7351734    0.7348165    
1.5520000    0.7354037    0.7347799    
1.5600000    0.7316754    0.7347480    
1.5680000    0.7311566    0.7347250    
1.5760000    0.7356825    0.7347121    
1.5840000    0.7333677    0.7347088    
1.5920000    0.7351841    0.7347131    
1.6000000    0.7359852    0.7347235    
1.6080000    0.7346508    0.7347392    
1.6160000    0.7348463    0.7347601    
1.6240000    0.7345344    0.7347854    
1.6320000    0.7367139    0.7348123    
1.6400000    0.7369352    0.7348352    
1.6480000    0.7347513    0.7348462    
1.6560000    0.7396798    0.7348373    
1.6640000    0.7350608    0.7348034    
1.6720000    0.7367831    0.7347458    
1.6800000    0.7366846    0.7346736    
1.6880000    0.7351199    0.7346031    
1.6960000    0.7350220    0.7345540    
1.7040000    0.7318754    0.7345441    
1.7120000    0.7355699    0.7345835    
1.7200000    0.7339056    0.7346717    
1.7280000    0.7333352    0.7347967    
1.7360000    0.7323268    0.7349380    
1.7440000    0.7333831    0.7350729    
1.7520000    0.7325135    0.7351815    
1.7600000    0.7329111    0.7352515    
1.7680000    0.7357644    0.7352791    
1.7760000    0.7346712    0.7352683    
1.7840000    0.7362211    0.7352267    
1.7920000    0.7382238    0.7351623    
