0.0000000    1.0000000    1.0000000    
0.0080000    0.9759317    0.9821466    
0.0160000    0.9261822    0.9337070    
0.0240000    0.8617941    0.8682478    
0.0320000    0.8040001    0.8030934    
0.0400000    0.7524888    0.7535506    
0.0480000    0.7337928    0.7282145    
0.0560000    0.7322969    0.7270098    
0.0640000    0.7464863    0.7424765    
0.0720000    0.7664291    0.7635188    
0.0800000    0.7759761    0.7799489    
0.0880000    0.7838541    0.7860082    
0.0960000    0.7789079    0.7816408    
0.1040000    0.7748685    0.7713327    
0.1120000    0.7611698    0.7613318    
0.1200000    0.7564385    0.7566240    
0.1280000    0.7630022    0.7589540    
0.1360000    0.7678357    0.7665705    
0.1440000    0.7764443    0.7755422    
0.1520000    0.7801409    0.7818383    
0.1600000    0.7829744    0.7831440    
0.1680000    0.7776549    0.7796439    
0.1760000    0.7706938    0.7735700    
0.1840000    0.7664593    0.7678963    
0.1920000    0.7654142    0.7648908    
0.2000000    0.7676195    0.7652076    
0.2080000    0.7724935    0.7678566    
0.2160000    0.7757792    0.7709423    
0.2240000    0.7750192    0.7727165    
0.2320000    0.7781322    0.7724090    
0.2400000    0.7780647    0.7704710    
0.2480000    0.7713993    0.7681939    
0.2560000    0.7744725    0.7669641    
0.2640000    0.7708766    0.7675559    
0.2720000    0.7700747    0.7697979    
0.2800000    0.7745863    0.7727288    
0.2880000    0.7723541    0.7751133    
0.2960000    0.7743857    0.7760347    
0.3040000    0.7748043    0.7752747    
0.3120000    0.7708966    0.7733306    
0.3200000    0.7714504    0.7711041    
0.3280000    0.7688274    0.7694491    
0.3360000    0.7697536    0.7688050    
0.3440000    0.7714088    0.7690745    
0.3520000    0.7726359    0.7697692    
0.3600000    0.7729484    0.7703150    
0.3680000    0.7739879    0.7703523    
0.3760000    0.7702234    0.7698875    
0.3840000    0.7709167    0.7692442    
0.3920000    0.7703322    0.7688631    
0.4000000    0.7724145    0.7690656    
0.4080000    0.7707203    0.7698977    
0.4160000    0.7734846    0.7711185    
0.4240000    0.7685599    0.7723210    
0.4320000    0.7731755    0.7731154    
0.4400000    0.7736796    0.7732839    
0.4480000    0.7706736    0.7728447    
0.4560000    0.7698052    0.7720114    
0.4640000    0.7718003    0.7710823    
0.4720000    0.7707845    0.7703186    
0.4800000    0.7658660    0.7698635    
0.4880000    0.7756772    0.7697264    
0.4960000    0.7707736    0.7698215    
0.5040000    0.7729293    0.7700317    
0.5120000    0.7697935    0.7702630    
0.5200000    0.7710640    0.7704706    
0.5280000    0.7725222    0.7706547    
0.5360000    0.7720628    0.7708383    
0.5440000    0.7686722    0.7710428    
0.5520000    0.7692363    0.7712735    
0.5600000    0.7691101    0.7715154    
0.5680000    0.7728502    0.7717378    
0.5760000    0.7712282    0.7719013    
0.5840000    0.7694882    0.7719659    
0.5920000    0.7722391    0.7718995    
0.6000000    0.7706041    0.7716881    
0.6080000    0.7714709    0.7713457    
0.6160000    0.7688428    0.7709192    
0.6240000    0.7720508    0.7704834    
0.6320000    0.7705738    0.7701242    
0.6400000    0.7701901    0.7699144    
0.6480000    0.7721091    0.7698907    
0.6560000    0.7727297    0.7700418    
0.6640000    0.7685068    0.7703132    
0.6720000    0.7694152    0.7706270    
0.6800000    0.7699856    0.7709078    
0.6880000    0.7696458    0.7711045    
0.6960000    0.7717254    0.7711982    
0.7040000    0.7711881    0.7711979    
0.7120000    0.7694068    0.7711263    
0.7200000    0.7699824    0.7710068    
0.7280000    0.7699474    0.7708566    
0.7360000    0.7675936    0.7706892    
0.7440000    0.7701449    0.7705208    
0.7520000    0.7715699    0.7703743    
0.7600000    0.7725871    0.7702763    
0.7680000    0.7692959    0.7702478    
0.7760000    0.7715254    0.7702928    
0.7840000    0.7712147    0.7703930    
0.7920000    0.7677080    0.7705126    
0.8000000    0.7658435    0.7706127    
0.8080000    0.7698605    0.7706686    
0.8160000    0.7694236    0.7706814    
0.8240000    0.7686470    0.7706779    
0.8320000    0.7731752    0.7706968    
0.8400000    0.7703362    0.7707689    
0.8480000    0.7675975    0.7708995    
0.8560000    0.7696658    0.7710629    
0.8640000    0.7693649    0.7712109    
0.8720000    0.7731308    0.7712941    
0.8800000    0.7687685    0.7712835    
0.8880000    0.7704138    0.7711845    
0.8960000    0.7665767    0.7710360    
0.9040000    0.7725883    0.7708939    
0.9120000    0.7713210    0.7708075    
0.9200000    0.7693644    0.7707988    
0.9280000    0.7712131    0.7708550    
0.9360000    0.7666082    0.7709364    
0.9440000    0.7691747    0.7709970    
0.9520000    0.7684583    0.7710078    
0.9600000    0.7718014    0.7709705    
0.9680000    0.7729217    0.7709170    
0.9760000    0.7715241    0.7708933    
0.9840000    0.7704666    0.7709360    
0.9920000    0.7708930    0.7710526    
1.0000000    0.7696758    0.7712160    
1.0080000    0.7714482    0.7713740    
1.0160000    0.7750037    0.7714720    
1.0240000    0.7673872    0.7714766    
1.0320000    0.7736853    0.7713892    
1.0400000    0.7718354    0.7712446    
1.0480000    0.7689847    0.7710940    
1.0560000    0.7714816    0.7709825    
1.0640000    0.7690156    0.7709302    
1.0720000    0.7710703    0.7709266    
1.0800000    0.7700085    0.7709401    
1.0880000    0.7715379    0.7709363    
1.0960000    0.7705543    0.7708976    
1.1040000    0.7726125    0.7708324    
1.1120000    0.7677110    0.7707722    
1.1200000    0.7710084    0.7707565    
1.1280000    0.7705427    0.7708144    
1.1360000    0.7686856    0.7709506    
1.1440000    0.7715354    0.7711421    
1.1520000    0.7716126    0.7713450    
1.1600000    0.7698433    0.7715096    
1.1680000    0.7746659    0.7715946    
1.1760000    0.7716577    0.7715783    
1.1840000    0.7723814    0.7714607    
1.1920000    0.7713121    0.7712616    
1.2000000    0.7696047    0.7710133    
1.2080000    0.7737730    0.7707550    
1.2160000    0.7710638    0.7705256    
1.2240000    0.7714790    0.7703590    
1.2320000    0.7707861    0.7702784    
1.2400000    0.7695417    0.7702913    
1.2480000    0.7738815    0.7703872    
1.2560000    0.7733751    0.7705383    
1.2640000    0.7734346    0.7707067    
1.2720000    0.7679844    0.7708542    
1.2800000    0.7702391    0.7709539    
1.2880000    0.7724687    0.7709961    
1.2960000    0.7756188    0.7709890    
1.3040000    0.7704081    0.7709513    
1.3120000    0.7691354    0.7709012    
1.3200000    0.7736520    0.7708487    
1.3280000    0.7682241    0.7707921    
1.3360000    0.7705764    0.7707236    
1.3440000    0.7687682    0.7706390    
1.3520000    0.7715707    0.7705456    
1.3600000    0.7714854    0.7704652    
1.3680000    0.7704081    0.7704271    
1.3760000    0.7738825    0.7704565    
1.3840000    0.7697935    0.7705615    
1.3920000    0.7743419    0.7707265    
1.4000000    0.7700504    0.7709161    
1.4080000    0.7695853    0.7710865    
1.4160000    0.7714245    0.7712012    
1.4240000    0.7708313    0.7712429    
1.4320000    0.7727465    0.7712167    
1.4400000    0.7697691    0.7711446    
1.4480000    0.7699455    0.7710533    
1.4560000    0.7739539    0.7709636    
1.4640000    0.7705776    0.7708848    
1.4720000    0.7736592    0.7708155    
1.4800000    0.7709713    0.7707504    
1.4880000    0.7715840    0.7706867    
1.4960000    0.7687067    0.7706274    
1.5040000    0.7724313    0.7705796    
1.5120000    0.7726677    0.7705509    
1.5200000    0.7721287    0.7705448    
1.5280000    0.7688892    0.7705609    
1.5360000    0.7724773    0.7705962    
1.5440000    0.7657107    0.7706492    
1.5520000    0.7696045    0.7707195    
1.5600000    0.7702545    0.7708052    
1.5680000    0.7712596    0.7708972    
1.5760000    0.7698476    0.7709759    
1.5840000    0.7713853    0.7710140    
1.5920000    0.7720015    0.7709865    
1.6000000    0.7668188    0.7708839    
1.6080000    0.7724630    0.7707230    
1.6160000    0.7722388    0.7705477    
1.6240000    0.7729516    0.7704172    
1.6320000    0.7714374    0.7703836    
1.6400000    0.7711997    0.7704701    
1.6480000    0.7732418    0.7706575    
1.6560000    0.7750286    0.7708885    
1.6640000    0.7694310    0.7710878    
1.6720000    0.7727157    0.7711913    
1.6800000    0.7720122    0.7711719    
1.6880000    0.7714889    0.7710491    
1.6960000    0.7725196    0.7708801    
1.7040000    0.7715755    0.7707341    
1.7120000    0.7690272    0.7706627    
1.7200000    0.7701945    0.7706792    
1.7280000    0.7699303    0.7707555    
1.7360000    0.7718112    0.7708383    
1.7440000    0.7700481    0.7708754    
1.7520000    0.7720834    0.7708414    
1.7600000    0.7663731    0.7707490    
1.7680000    0.7738614    0.7706432    
1.7760000    0.7668737    0.7705802    
1.7840000    0.7708233    0.7706016    
1.7920000    0.7678509    0.7707154    
