0.0000000    1.0000000    1.0000000    
0.0080000    0.9957149    0.9960957    
0.0160000    0.9878642    0.9853961    
0.0240000    0.9752502    0.9706017    
0.0320000    0.9613110    0.9552118    
0.0400000    0.9541586    0.9424202    
0.0480000    0.9471660    0.9341976    
0.0560000    0.9404196    0.9308736    
0.0640000    0.9384194    0.9313227    
0.0720000    0.9354892    0.9336215    
0.0800000    0.9384884    0.9358796    
0.0880000    0.9330307    0.9369113    
0.0960000    0.9342000    0.9365145    
0.1040000    0.9302873    0.9353108    
0.1120000    0.9311724    0.9342793    
0.1200000    0.9337927    0.9342238    
0.1280000    0.9364355    0.9354081    
0.1360000    0.9353909    0.9374883    
0.1440000    0.9364891    0.9397253    
0.1520000    0.9377713    0.9413462    
0.1600000    0.9381182    0.9418731    
0.1680000    0.9372831    0.9412813    
0.1760000    0.9385965    0.9399415    
0.1840000    0.9354483    0.9384052    
0.1920000    0.9356151    0.9371508    
0.2000000    0.9361298    0.9364096    
0.2080000    0.9352024    0.9361358    
0.2160000    0.9374333    0.9361086    
0.2240000    0.9394325    0.9360955    
0.2320000    0.9377032    0.9359880    
0.2400000    0.9386758    0.9358465    
0.2480000    0.9369609    0.9358443    
0.2560000    0.9370429    0.9361530    
0.2640000    0.9398770    0.9368318    
0.2720000    0.9360000    0.9377792    
0.2800000    0.9365092    0.9387651    
0.2880000    0.9359774    0.9395245    
0.2960000    0.9361936    0.9398628    
0.3040000    0.9405579    0.9397262    
0.3120000    0.9369384    0.9392071    
0.3200000    0.9374460    0.9384919    
0.3280000    0.9357243    0.9377783    
0.3360000    0.9397934    0.9372051    
0.3440000    0.9340693    0.9368205    
0.3520000    0.9409557    0.9365960    
0.3600000    0.9352521    0.9364713    
0.3680000    0.9388590    0.9364015    
0.3760000    0.9357197    0.9363837    
0.3840000    0.9411261    0.9364516    
0.3920000    0.9373277    0.9366469    
0.4000000    0.9408468    0.9369841    
0.4080000    0.9393553    0.9374298    
0.4160000    0.9378895    0.9379058    
0.4240000    0.9367137    0.9383134    
0.4320000    0.9409611    0.9385684    
0.4400000    0.9374286    0.9386283    
0.4480000    0.9406974    0.9385024    
0.4560000    0.9397271    0.9382422    
0.4640000    0.9383620    0.9379186    
0.4720000    0.9385928    0.9375978    
0.4800000    0.9394542    0.9373253    
0.4880000    0.9364453    0.9371227    
0.4960000    0.9404976    0.9369939    
0.5040000    0.9386824    0.9369366    
0.5120000    0.9342579    0.9369491    
0.5200000    0.9381646    0.9370330    
0.5280000    0.9403186    0.9371882    
0.5360000    0.9367995    0.9374071    
0.5440000    0.9376698    0.9376702    
0.5520000    0.9372585    0.9379469    
0.5600000    0.9360032    0.9381998    
0.5680000    0.9353109    0.9383927    
0.5760000    0.9393631    0.9384974    
0.5840000    0.9356633    0.9384988    
0.5920000    0.9390934    0.9383968    
0.6000000    0.9354643    0.9382063    
0.6080000    0.9390723    0.9379555    
0.6160000    0.9369985    0.9376815    
0.6240000    0.9380806    0.9374255    
0.6320000    0.9335302    0.9372253    
0.6400000    0.9390104    0.9371085    
0.6480000    0.9396122    0.9370859    
0.6560000    0.9389445    0.9371503    
0.6640000    0.9357178    0.9372785    
0.6720000    0.9400731    0.9374393    
0.6800000    0.9390059    0.9376020    
0.6880000    0.9370805    0.9377449    
0.6960000    0.9353218    0.9378584    
0.7040000    0.9394959    0.9379431    
0.7120000    0.9340881    0.9380051    
0.7200000    0.9372187    0.9380487    
0.7280000    0.9385934    0.9380725    
0.7360000    0.9346602    0.9380696    
0.7440000    0.9383252    0.9380311    
0.7520000    0.9335835    0.9379517    
0.7600000    0.9387759    0.9378343    
0.7680000    0.9354107    0.9376910    
0.7760000    0.9389160    0.9375409    
0.7840000    0.9360372    0.9374054    
0.7920000    0.9358073    0.9373033    
0.8000000    0.9372941    0.9372475    
0.8080000    0.9362107    0.9372438    
0.8160000    0.9349430    0.9372916    
0.8240000    0.9372015    0.9373847    
0.8320000    0.9336280    0.9375111    
0.8400000    0.9365298    0.9376529    
0.8480000    0.9363717    0.9377867    
0.8560000    0.9369269    0.9378864    
0.8640000    0.9362332    0.9379288    
0.8720000    0.9376951    0.9379008    
0.8800000    0.9357140    0.9378061    
0.8880000    0.9384030    0.9376663    
0.8960000    0.9389992    0.9375172    
0.9040000    0.9372597    0.9373982    
0.9120000    0.9389915    0.9373393    
0.9200000    0.9358507    0.9373508    
0.9280000    0.9366130    0.9374192    
0.9360000    0.9363132    0.9375127    
0.9440000    0.9373410    0.9375936    
0.9520000    0.9368154    0.9376327    
0.9600000    0.9393789    0.9376200    
0.9680000    0.9379451    0.9375677    
0.9760000    0.9362122    0.9375036    
0.9840000    0.9378676    0.9374587    
0.9920000    0.9376259    0.9374538    
1.0000000    0.9361700    0.9374920    
1.0080000    0.9376457    0.9375593    
1.0160000    0.9403243    0.9376316    
1.0240000    0.9350258    0.9376862    
1.0320000    0.9364001    0.9377108    
1.0400000    0.9393974    0.9377064    
1.0480000    0.9401681    0.9376839    
1.0560000    0.9360425    0.9376568    
1.0640000    0.9378765    0.9376337    
1.0720000    0.9381213    0.9376152    
1.0800000    0.9361299    0.9375955    
1.0880000    0.9382693    0.9375678    
1.0960000    0.9390637    0.9375305    
1.1040000    0.9379314    0.9374895    
1.1120000    0.9429483    0.9374568    
1.1200000    0.9352255    0.9374448    
1.1280000    0.9405334    0.9374608    
1.1360000    0.9369011    0.9375029    
1.1440000    0.9360117    0.9375609    
1.1520000    0.9359967    0.9376207    
1.1600000    0.9384683    0.9376690    
1.1680000    0.9395605    0.9376984    
1.1760000    0.9381576    0.9377086    
1.1840000    0.9366475    0.9377046    
1.1920000    0.9358627    0.9376939    
1.2000000    0.9395218    0.9376830    
1.2080000    0.9369298    0.9376757    
1.2160000    0.9379987    0.9376730    
1.2240000    0.9367349    0.9376734    
1.2320000    0.9398555    0.9376737    
1.2400000    0.9381721    0.9376688    
1.2480000    0.9372126    0.9376525    
1.2560000    0.9364542    0.9376187    
1.2640000    0.9387652    0.9375642    
1.2720000    0.9373981    0.9374922    
1.2800000    0.9383740    0.9374140    
1.2880000    0.9395977    0.9373488    
1.2960000    0.9361974    0.9373186    
1.3040000    0.9401138    0.9373416    
1.3120000    0.9382882    0.9374239    
1.3200000    0.9385747    0.9375553    
1.3280000    0.9385888    0.9377099    
1.3360000    0.9401456    0.9378529    
1.3440000    0.9375715    0.9379508    
1.3520000    0.9382721    0.9379821    
1.3600000    0.9393516    0.9379437    
1.3680000    0.9383717    0.9378515    
1.3760000    0.9399075    0.9377344    
1.3840000    0.9346186    0.9376247    
1.3920000    0.9396953    0.9375473    
1.4000000    0.9380185    0.9375138    
1.4080000    0.9360396    0.9375203    
1.4160000    0.9397399    0.9375516    
1.4240000    0.9356160    0.9375880    
1.4320000    0.9360678    0.9376128    
1.4400000    0.9381304    0.9376170    
1.4480000    0.9371128    0.9376014    
1.4560000    0.9387356    0.9375736    
1.4640000    0.9406532    0.9375447    
1.4720000    0.9372290    0.9375241    
1.4800000    0.9386865    0.9375169    
1.4880000    0.9393369    0.9375234    
1.4960000    0.9389677    0.9375398    
1.5040000    0.9362620    0.9375614    
1.5120000    0.9350394    0.9375846    
1.5200000    0.9385711    0.9376089    
1.5280000    0.9380450    0.9376360    
1.5360000    0.9394286    0.9376694    
1.5440000    0.9368294    0.9377112    
1.5520000    0.9398829    0.9377607    
1.5600000    0.9386870    0.9378128    
1.5680000    0.9350104    0.9378579    
1.5760000    0.9384945    0.9378843    
1.5840000    0.9383550    0.9378809    
1.5920000    0.9373396    0.9378412    
1.6000000    0.9365668    0.9377662    
1.6080000    0.9364056    0.9376663    
1.6160000    0.9365917    0.9375596    
1.6240000    0.9362469    0.9374679    
1.6320000    0.9380979    0.9374105    
1.6400000    0.9351489    0.9373982    
1.6480000    0.9374618    0.9374295    
1.6560000    0.9379605    0.9374901    
1.6640000    0.9351899    0.9375584    
1.6720000    0.9345113    0.9376122    
1.6800000    0.9370130    0.9376365    
1.6880000    0.9374668    0.9376283    
1.6960000    0.9360504    0.9375960    
1.7040000    0.9377025    0.9375554    
1.7120000    0.9380187    0.9375216    
1.7200000    0.9377835    0.9375036    
1.7280000    0.9366351    0.9375011    
1.7360000    0.9387340    0.9375072    
1.7440000    0.9370077    0.9375138    
1.7520000    0.9413413    0.9375170    
1.7600000    0.9358730    0.9375192    
1.7680000    0.9391830    0.9375277    
1.7760000    0.9376723    0.9375486    
1.7840000    0.9364371    0.9375817    
1.7920000    0.9357577    0.9376176    
