0.000000 149937.388889 -67025.666667
4.000000 148878.027778 -66427.166667
8.000000 148815.666667 -66376.194444
12.000000 149014.722222 -66496.972222
16.000000 149179.250000 -66419.944444
20.000000 149643.055556 -66582.277778
24.000000 150295.194444 -66832.527778
28.000000 151028.027778 -67186.416667
32.000000 151814.416667 -67254.416667
36.000000 152539.555556 -67752.222222
40.000000 153135.055556 -67936.472222
44.000000 153702.222222 -68154.666667
48.000000 153801.611111 -68410.805556
52.000000 153588.583333 -68339.916667
56.000000 153170.666667 -68513.444444
60.000000 152706.833333 -68060.722222
64.000000 151897.472222 -67934.083333
68.000000 151119.777778 -67656.722222
72.000000 150584.055556 -67240.666667
76.000000 149774.694444 -67016.555556
80.000000 149628.611111 -66679.722222
84.000000 149242.472222 -66552.250000
88.000000 148825.638889 -66698.000000
92.000000 148813.222222 -66246.472222
96.000000 148664.666667 -66247.194444
100.000000 148864.694444 -66274.138889
104.000000 149002.472222 -66400.055556
108.000000 149209.305556 -66491.944444
112.000000 149269.527778 -66542.861111
116.000000 149631.916667 -66583.722222
120.000000 149789.527778 -66445.305556
124.000000 149715.694444 -66648.138889
128.000000 149482.916667 -66470.916667
132.000000 149296.027778 -66788.055556
136.000000 149184.111111 -66674.194444
140.000000 148699.138889 -66542.194444
144.000000 148756.444444 -66428.361111
148.000000 148352.888889 -66350.166667
152.000000 148076.138889 -66210.111111
156.000000 148157.666667 -65954.444444
160.000000 147964.500000 -65915.722222
164.000000 147827.583333 -65952.111111
168.000000 147855.361111 -65960.944444
172.000000 147735.444444 -65948.388889
176.000000 147857.333333 -65997.083333
180.000000 148055.861111 -65891.305556
184.000000 148202.194444 -65726.694444
188.000000 148101.805556 -65808.388889
192.000000 148118.083333 -65866.250000
196.000000 147860.333333 -66021.916667
200.000000 147891.972222 -65914.138889
204.000000 147752.555556 -65701.416667
208.000000 147507.111111 -65833.055556
212.000000 147405.611111 -65790.250000
216.000000 147263.055556 -65743.694444
220.000000 147260.027778 -65621.805556
224.000000 146901.638889 -65538.861111
228.000000 147133.694444 -65464.972222
232.000000 146876.611111 -65455.000000
236.000000 146821.527778 -65460.444444
240.000000 146990.861111 -65514.027778
244.000000 146991.222222 -65500.722222
248.000000 146776.333333 -65587.055556
252.000000 147177.888889 -65458.833333
256.000000 147019.805556 -65523.472222
260.000000 147016.444444 -65300.944444
264.000000 146985.777778 -65470.166667
268.000000 146869.055556 -65468.472222
272.000000 146878.861111 -65452.361111
276.000000 146865.611111 -65466.611111
280.000000 146682.666667 -65337.777778
284.000000 146620.000000 -65459.305556
288.000000 146699.972222 -65343.555556
292.000000 146406.083333 -65278.194444
296.000000 146346.972222 -65388.638889
300.000000 146493.305556 -65337.305556
304.000000 146317.472222 -65362.472222
308.000000 146335.444444 -65372.666667
312.000000 146521.444444 -65213.777778
316.000000 146424.361111 -65217.138889
320.000000 146337.305556 -65321.527778
324.000000 146348.833333 -65383.166667
328.000000 146376.861111 -65250.388889
332.000000 146499.916667 -65283.888889
336.000000 146524.388889 -65377.833333
340.000000 146344.583333 -65374.527778
344.000000 146396.000000 -65031.722222
348.000000 146279.222222 -65237.527778
352.000000 146224.638889 -65086.416667
356.000000 146068.277778 -65003.194444
360.000000 146169.055556 -65361.250000
364.000000 146220.944444 -65213.277778
368.000000 146008.527778 -65202.277778
372.000000 146110.250000 -65200.138889
376.000000 146035.055556 -65172.444444
380.000000 146057.083333 -64974.638889
384.000000 146137.861111 -65137.722222
388.000000 146061.916667 -65258.111111
392.000000 145994.777778 -65152.138889
396.000000 146229.888889 -65138.555556
400.000000 146154.388889 -64966.472222
404.000000 146290.583333 -65346.944444
408.000000 146103.944444 -65001.555556
412.000000 145863.694444 -65207.000000
416.000000 145916.222222 -65187.472222
420.000000 145949.444444 -64976.694444
424.000000 145985.277778 -65171.888889
428.000000 145950.083333 -65085.916667
432.000000 145857.805556 -65012.166667
436.000000 145763.083333 -64931.861111
440.000000 145861.750000 -65143.638889
444.000000 145680.611111 -64984.444444
448.000000 145963.027778 -64998.000000
452.000000 145898.972222 -65046.638889
456.000000 145843.777778 -65014.166667
460.000000 145811.472222 -64988.750000
464.000000 145813.972222 -65004.194444
468.000000 145863.388889 -65203.777778
472.000000 146015.972222 -64981.527778
476.000000 145977.694444 -65089.027778
480.000000 145816.138889 -65159.194444
484.000000 145731.000000 -65017.166667
488.000000 145778.250000 -65049.194444
492.000000 145650.055556 -65042.250000
496.000000 145696.194444 -64991.194444
500.000000 145675.000000 -64979.555556
504.000000 145925.916667 -64844.388889
508.000000 145602.500000 -64824.583333
512.000000 145788.666667 -64916.305556
516.000000 145500.638889 -64923.611111
520.000000 145687.527778 -64992.083333
524.000000 145861.277778 -64830.666667
528.000000 145659.555556 -64657.361111
532.000000 145652.555556 -64833.694444
536.000000 145618.222222 -64938.555556
540.000000 145642.222222 -64823.000000
544.000000 145692.722222 -64923.500000
548.000000 145807.972222 -64840.388889
552.000000 145670.138889 -64941.583333
556.000000 145560.777778 -65084.833333
560.000000 145647.722222 -64869.444444
564.000000 145692.861111 -64856.916667
568.000000 145665.555556 -64944.305556
572.000000 145591.027778 -65047.972222
576.000000 145660.694444 -64908.277778
580.000000 145583.388889 -65092.583333
584.000000 145392.250000 -64742.305556
588.000000 145578.777778 -64830.472222
592.000000 145482.972222 -64764.416667
596.000000 145478.472222 -65060.250000
600.000000 145535.694444 -64773.055556
604.000000 145680.111111 -64510.944444
608.000000 145486.833333 -64997.250000
612.000000 145422.388889 -65036.583333
616.000000 145225.722222 -64741.472222
620.000000 145326.555556 -64703.083333
624.000000 145416.305556 -64783.944444
628.000000 145357.111111 -64734.750000
632.000000 145435.861111 -64705.166667
636.000000 145305.583333 -64512.388889
640.000000 145349.861111 -64773.638889
644.000000 145228.694444 -64713.750000
648.000000 145149.444444 -64832.555556
652.000000 145175.861111 -64644.361111
656.000000 145137.944444 -64737.305556
660.000000 145213.583333 -64670.472222
664.000000 145030.305556 -64686.138889
668.000000 145199.444444 -64627.000000
672.000000 145072.333333 -64632.333333
676.000000 145044.333333 -64762.333333
680.000000 145087.555556 -64627.222222
684.000000 144935.527778 -64603.583333
688.000000 144905.277778 -64588.250000
692.000000 144878.027778 -64624.416667
696.000000 144791.083333 -64564.833333
700.000000 144726.333333 -64380.361111
704.000000 144759.305556 -64482.500000
708.000000 144890.333333 -64410.444444
712.000000 144664.638889 -64512.305556
716.000000 144540.972222 -64555.416667
720.000000 144672.416667 -64464.333333
724.000000 144478.333333 -64526.527778
728.000000 144666.583333 -64553.027778
732.000000 144531.361111 -64405.000000
736.000000 144564.722222 -64403.916667
740.000000 144575.555556 -64268.638889
744.000000 144328.500000 -64257.138889
748.000000 144549.583333 -64281.305556
752.000000 144480.555556 -64214.055556
756.000000 144325.000000 -64337.138889
760.000000 144413.694444 -64475.694444
764.000000 144284.277778 -64700.027778
768.000000 144331.250000 -64344.138889
772.000000 144058.000000 -64113.166667
776.000000 144218.027778 -64347.083333
780.000000 144204.194444 -64122.333333
784.000000 144248.222222 -64270.861111
788.000000 144293.472222 -64338.277778
792.000000 144106.972222 -64254.472222
796.000000 144056.666667 -64186.444444
800.000000 144199.555556 -64226.833333
804.000000 144069.416667 -64227.972222
808.000000 144002.055556 -64079.777778
812.000000 143971.972222 -64062.333333
816.000000 143831.027778 -64137.722222
820.000000 143858.750000 -64108.111111
824.000000 143922.416667 -64227.333333
828.000000 143750.888889 -63990.888889
832.000000 143773.305556 -63907.138889
836.000000 143802.333333 -64050.555556
840.000000 143641.305556 -64022.777778
844.000000 143739.611111 -63970.500000
848.000000 143611.555556 -63998.750000
852.000000 143544.111111 -64132.361111
856.000000 143650.611111 -63817.194444
860.000000 143473.666667 -63887.777778
864.000000 143552.083333 -63972.444444
868.000000 143471.416667 -63858.472222
872.000000 143436.416667 -63909.527778
876.000000 143364.750000 -63884.166667
880.000000 143434.222222 -63836.611111
884.000000 143216.750000 -63969.972222
888.000000 143561.722222 -63837.111111
892.000000 143417.222222 -63859.527778
896.000000 143353.944444 -63887.861111
900.000000 143119.083333 -63808.222222
904.000000 143329.805556 -63865.194444
908.000000 142987.111111 -63751.416667
912.000000 143103.500000 -63724.055556
916.000000 143206.833333 -63795.861111
920.000000 143215.250000 -63756.388889
924.000000 142974.083333 -63548.611111
928.000000 143063.333333 -63724.638889
932.000000 142926.388889 -63686.111111
936.000000 143006.944444 -63825.611111
940.000000 142992.972222 -63723.583333
944.000000 142935.638889 -63692.611111
948.000000 142930.194444 -63711.611111
952.000000 142975.250000 -63763.444444
956.000000 143009.611111 -63768.166667
960.000000 142934.250000 -63571.250000
964.000000 142915.694444 -63592.361111
968.000000 143038.972222 -63763.777778
972.000000 142826.555556 -63708.694444
976.000000 142633.111111 -63541.638889
980.000000 142918.694444 -63672.500000
984.000000 142759.444444 -63746.666667
988.000000 142624.111111 -63574.166667
992.000000 142736.722222 -63577.194444
996.000000 142944.916667 -63497.416667
1000.000000 142753.527778 -63529.527778
1004.000000 142722.083333 -63556.555556
1008.000000 142761.611111 -63488.388889
1012.000000 142572.083333 -63685.611111
1016.000000 142714.777778 -63617.861111
1020.000000 142546.083333 -63373.222222
1024.000000 142685.944444 -63609.916667
1028.000000 142503.500000 -63505.027778
1032.000000 142644.972222 -63477.111111
1036.000000 142511.527778 -63602.055556
1040.000000 142606.944444 -63640.944444
1044.000000 142500.583333 -63420.305556
1048.000000 142574.500000 -63521.194444
1052.000000 142377.083333 -63559.166667
1056.000000 142464.416667 -63464.472222
1060.000000 142473.138889 -63438.305556
1064.000000 142393.305556 -63450.805556
1068.000000 142484.000000 -63568.666667
1072.000000 142573.694444 -63454.000000
1076.000000 142318.305556 -63221.500000
1080.000000 142330.611111 -63380.500000
1084.000000 142562.000000 -63421.638889
1088.000000 142374.388889 -63344.472222
1092.000000 142431.972222 -63457.638889
1096.000000 142298.361111 -63567.111111
1100.000000 142207.277778 -63417.194444
1104.000000 142317.722222 -63299.111111
1108.000000 142093.722222 -63367.194444
1112.000000 142252.777778 -63354.388889
1116.000000 142207.666667 -63359.083333
1120.000000 142203.305556 -63395.972222
1124.000000 142102.972222 -63415.333333
1128.000000 142155.250000 -63203.583333
1132.000000 142057.305556 -63185.888889
1136.000000 142311.638889 -63225.444444
1140.000000 142044.111111 -63330.194444
1144.000000 141929.138889 -63450.694444
1148.000000 142072.916667 -63300.388889
1152.000000 142178.944444 -63281.416667
1156.000000 141787.166667 -63239.861111
1160.000000 141879.333333 -63323.388889
1164.000000 141959.388889 -63206.000000
1168.000000 141852.833333 -63228.083333
1172.000000 141602.472222 -63320.916667
1176.000000 141900.083333 -63255.250000
1180.000000 141852.500000 -63284.388889
1184.000000 141879.194444 -63059.444444
1188.000000 141772.527778 -63264.666667
1192.000000 141891.000000 -63353.777778
1196.000000 141850.750000 -63208.361111
1200.000000 141672.888889 -63118.333333
1204.000000 141767.805556 -63084.472222
1208.000000 141714.416667 -63205.250000
1212.000000 141735.222222 -63231.111111
1216.000000 141798.722222 -63111.611111
1220.000000 141609.388889 -63342.388889
1224.000000 141657.583333 -63061.555556
1228.000000 141545.361111 -63046.388889
1232.000000 141552.833333 -63025.888889
1236.000000 141452.555556 -63047.250000
1240.000000 141450.888889 -63177.583333
1244.000000 141391.694444 -62814.527778
1248.000000 141168.000000 -63095.833333
1252.000000 141198.722222 -63025.583333
1256.000000 141042.777778 -62768.944444
1260.000000 140914.833333 -62810.444444
1264.000000 140995.111111 -63002.138889
1268.000000 140865.416667 -62654.944444
1272.000000 140954.083333 -62890.611111
1276.000000 140983.833333 -62707.611111
1280.000000 140984.888889 -62713.750000
1284.000000 140840.166667 -62787.166667
1288.000000 140651.611111 -62813.000000
1292.000000 140884.027778 -62829.888889
1296.000000 141039.888889 -62814.750000
1300.000000 140873.222222 -62743.861111
1304.000000 140730.916667 -62829.916667
1308.000000 140779.583333 -62733.888889
1312.000000 140886.638889 -62721.944444
1316.000000 140947.777778 -62740.500000
1320.000000 140885.722222 -62778.361111
1324.000000 140990.833333 -62708.972222
1328.000000 140715.805556 -62724.916667
1332.000000 140696.500000 -62551.833333
1336.000000 140677.472222 -62758.944444
1340.000000 140757.694444 -62748.500000
1344.000000 140631.111111 -62677.166667
1348.000000 140532.527778 -62657.750000
1352.000000 140349.277778 -62494.138889
1356.000000 140100.805556 -62536.777778
1360.000000 140134.972222 -62681.833333
1364.000000 140290.500000 -62735.500000
1368.000000 140127.333333 -62651.333333
1372.000000 140091.972222 -62362.527778
1376.000000 140301.722222 -62380.194444
1380.000000 140267.222222 -62365.416667
1384.000000 140383.111111 -62452.361111
1388.000000 140110.111111 -62560.388889
1392.000000 139771.805556 -62516.111111
1396.000000 139826.944444 -62509.527778
1400.000000 139979.444444 -62720.222222